CWFlow	Level	OutFlow	Steam	TempOF	Volume
4,34	12,00121	9,04E-05	18,045	4,485	0,003309
4,34	12,00115375	9,04E-05	18,04513918	4,485	0,003308979
4,34	12,00087249	9,04E-05	18,04583505	4,485	0,003308875
4,34	11,9994662	9,04E-05	18,04931445	4,485	0,003308352
4,34	11,99243525	9,04E-05	18,06671143	4,485	0,003305738
4,34	11,95729183	9,03E-05	18,15369632	4,485	0,003292674
4,34	11,78185934	9,01E-05	18,58862076	4,485	0,003227457
4,34	11,75854875	9,00E-05	18,6465	4,485	0,003218791
4,34	11,64212179	8,99E-05	18,93589619	4,485	0,00317551
4,34	11,51679471	8,97E-05	19,248	4,485	0,00312892
4,34	11,27594796	8,94E-05	19,8495	4,485	0,003039386
4,34	11,03451427	8,90E-05	20,451	4,485	0,002950189
4,34	10,79281662	8,87E-05	21,0525	4,485	0,00286133
4,34	10,55203667	8,84E-05	21,654	4,485	0,002772808
4,34	10,3087749	8,80E-05	22,2555	4,485	0,002684623
4,34	10,06526259	8,77E-05	14,98270982	7,095492851	0,002596776
4,34	9,822685812	8,73E-05	4,034977497	10,76488518	0,002509266
4,34	9,676933044	8,71E-05	3,436149396	10,95258682	0,002422034
4,34	9,542890799	8,69E-05	2,791351602	11,1491944	0,002334994
4,34	9,409140979	8,68E-05	2,097325739	11,35549424	0,002248143
4,34	9,275683602	8,66E-05	1,363070453	11,56820453	0,002161483
4,34	9,25223725	8,65E-05	1,230233169	11,60610943	0,002146258
4,34	9,25223725	8,65E-05	1,230233169	11,60610943	0,002146258
4,34	9,25223725	8,65E-05	1,230233169	11,60610943	0,002146258
4,34	9,142518686	8,64E-05	0,587464704	11,78751026	0,002075012
4,339942278	9,046861133	8,62E-05	3,55E-15	11,9505068	0,002012897
4,339942278	9,046861133	8,62E-05	-9,86E-14	11,9505068	0,002012897
4,339869095	8,993559312	8,62E-05	-0,238427585	12,01612346	0,001988733
4,339768007	8,921918419	8,61E-05	-0,478694416	12,08174012	0,001964595
4,339485497	8,778887628	8,59E-05	-0,965826057	12,21333149	0,001916404
4,339385871	8,738357678	8,58E-05	-1,105611779	12,25074148	0,001902749
4,338748125	8,536112256	8,55E-05	-1,551391208	12,35090596	0,001834607
4,338547283	8,484220986	8,54E-05	-1,552976273	12,33885669	0,001817123
4,337478538	8,255040335	8,51E-05	-1,601879252	12,30039139	0,00173996
4,33734987	8,230860617	8,51E-05	-1,612654532	12,2982722	0,001731857
4,336657403	8,11011624	8,49E-05	-1,666228253	12,28767624	0,001691393
4,335807525	7,977540595	8,47E-05	-1,758164317	12,2871109	0,001646964
4,335	7,725354657	8,43E-05	-1,937318443	12,28725776	0,001562451
5,667696959	7,49107562	8,40E-05	-2,120279063	12,28865808	0,00148442
6,563198042	7,310016117	8,37E-05	-2,298673048	12,28847388	0,001425558
7,420079068	7,159779802	8,35E-05	-2,474351264	12,2874477	0,001376716
8,350701023	7,041099806	8,33E-05	-2,65309173	12,2874463	0,001338134
9,635588145	6,961379861	8,32E-05	-2,831836275	12,28744628	0,001312217
11,18146029	6,928595762	8,32E-05	-3,010580902	12,28744628	0,001301559
12,8319974	6,951965417	8,32E-05	-3,18932553	12,28744628	0,001309157
14,47396169	7,032496877	8,33E-05	-3,368070157	12,28744628	0,001335337
16,06343184	7,168397792	8,35E-05	-3,501847986	12,27259145	0,001379518
17,33593931	7,350941565	8,38E-05	-3,455625776	12,19898909	0,001438863
18,25262063	7,570026262	8,41E-05	-3,231164816	12,06960142	0,001510398
18,85371382	7,808250163	8,45E-05	-2,905417498	11,9112081	0,001590231
19,19355473	8,061267268	8,48E-05	-2,44529593	11,71391576	0,001675023
19,32693632	8,320870713	8,52E-05	-1,835419025	11,47399904	0,001762086
19,30344887	8,579892626	8,56E-05	-1,072941957	11,1919134	0,001849357
19,1667565	8,835000235	8,59E-05	-0,183065033	10,87737759	0,00193531
19,1302691	8,883737275	8,60E-05	-4,32E-13	10,81412206	0,001951731
19,1302691	8,883737275	8,60E-05	1,44E-15	10,81412206	0,001951731
18,95343799	9,056073727	8,62E-05	0,712159682	10,57156054	0,002018879
18,74805668	9,156517432	8,64E-05	1,427068406	10,33455903	0,002084102
18,6966701	9,180216884	8,64E-05	1,595786231	10,2795671	0,002099491
18,44852299	9,299558637	8,66E-05	2,443687216	10,0088907	0,002176986
18,24586335	9,41465194	8,68E-05	3,232173806	9,766589031	0,002251722
18,09192811	9,526356395	8,69E-05	3,950962421	9,555082363	0,002324257
17,9834734	9,635515694	8,71E-05	4,601588539	9,372846219	0,00239514
17,91385359	9,742881359	8,72E-05	5,192281006	9,216221863	0,002464858
17,87485174	9,890684077	8,74E-05	5,707240669	9,089551263	0,002533797
17,84880184	10,08012942	8,77E-05	6,214639371	8,969490273	0,002602139
17,80758553	10,26786149	8,80E-05	6,670943236	8,870127543	0,002669863
17,73433269	10,45307479	8,82E-05	7,112158723	8,778953718	0,002736679
17,62713188	10,63200738	8,85E-05	7,522702313	8,700825028	0,002802209
17,48844863	10,80573845	8,87E-05	7,90995576	8,63287516	0,00286608
17,32258019	10,97406746	8,89E-05	8,266903295	8,577118142	0,002927966
17,13399346	11,13624155	8,92E-05	8,591336422	8,533834644	0,002987589
16,92714426	11,29030734	8,94E-05	8,890924058	8,50010268	0,003044724
16,70667785	11,43684489	8,96E-05	9,172156515	8,47349016	0,003099199
16,47700131	11,57590615	8,98E-05	9,437409746	8,452986291	0,003150894
16,24173424	11,70730464	9,00E-05	9,68851582	8,437790055	0,003199742
16,00382251	11,83150326	9,01E-05	9,927004453	8,427226891	0,003245912
15,76554157	11,94870908	9,03E-05	10,15631454	8,420011795	0,003289483
15,52850017	12,05896226	9,05E-05	10,38059688	8,41467831	0,003330469
15,2938399	12,16233986	9,06E-05	10,60073765	8,410878362	0,0033689
15,06239083	12,2589453	9,07E-05	10,81650878	8,408635066	0,003404812
14,83475629	12,34890096	9,09E-05	11,02721439	8,408128101	0,003438253
14,62184807	12,43234287	9,10E-05	11,22878491	8,410640557	0,003469272
14,43552002	12,50940677	9,11E-05	11,41934656	8,416676199	0,003497921
14,24909674	12,58017099	9,12E-05	11,60087327	8,425474413	0,003524227
14,06072497	12,64461246	9,13E-05	11,77421977	8,436665234	0,003548183
13,87133045	12,70270478	9,13E-05	11,93977861	8,450041885	0,003569779
13,68226549	12,75445992	9,14E-05	12,09777134	8,465460154	0,003589019
13,49496549	12,79993522	9,15E-05	12,24839554	8,482788321	0,003605924
13,31083297	12,83923386	9,15E-05	12,39182188	8,501907913	0,003620533
13,13116891	12,87294125	9,16E-05	12,52718114	8,52304769	0,003633064
12,95704601	12,90166867	9,16E-05	12,65348647	8,546462663	0,003643743
12,7891927	12,9255977	9,17E-05	12,77110193	8,571957801	0,003652639
12,62807789	12,94492484	9,17E-05	12,88054632	8,599295559	0,003659823
12,47402961	12,95985668	9,17E-05	12,97691628	8,630033998	0,003665374
12,32726607	12,97060647	9,17E-05	13,06181628	8,663514664	0,00366937
12,18791634	12,97739141	9,17E-05	13,13838943	8,698627239	0,003671893
12,05603784	12,98043039	9,17E-05	13,20681759	8,735258699	0,003673022
11,93340285	12,97994229	9,17E-05	13,26712271	8,773352592	0,003672841
11,84106483	12,97614312	9,17E-05	13,31947059	8,812804933	0,003671429
11,75246046	12,96921931	9,17E-05	13,36463022	8,853320164	0,003668855
11,66592232	12,95927265	9,17E-05	13,40282185	8,894791207	0,003665157
11,58174618	12,94639012	9,17E-05	13,43432911	8,937093615	0,003660368
11,50047969	12,93067394	9,17E-05	13,4596236	8,980045189	0,003654526
11,42273297	12,91224636	9,16E-05	13,47910936	9,023492708	0,003647675
11,34911752	12,89125056	9,16E-05	13,49301224	9,067345798	0,00363987
11,28020684	12,86784995	9,16E-05	13,50160112	9,111502991	0,003631171
11,21650941	12,84222622	9,15E-05	13,50516651	9,155859049	0,003621645
11,158451	12,81457669	9,15E-05	13,50398268	9,200317608	0,003611367
11,10636482	12,78511122	9,15E-05	13,49827061	9,244802933	0,003600413
11,06048772	12,75404882	9,14E-05	13,48822818	9,289249264	0,003588866
11,02096114	12,72161425	9,13E-05	13,47405926	9,333591042	0,003576808
10,98783545	12,6880348	9,13E-05	13,45596805	9,377764756	0,003564325
10,96107683	12,65353719	9,13E-05	13,43416484	9,421706954	0,003551501
10,94057573	12,61834479	9,12E-05	13,40887511	9,465351294	0,003538418
10,92615629	12,58267513	9,12E-05	13,380337	9,508629456	0,003525158
10,91758608	12,54673784	9,11E-05	13,34880033	9,551471528	0,003511798
10,91458585	12,51073282	9,11E-05	13,31450176	9,593814314	0,003498414
10,91683896	12,47484884	9,10E-05	13,2774815	9,635660777	0,003485074
10,92400014	12,43926245	9,10E-05	13,23828798	9,676847477	0,003471845
10,93570366	12,40413712	9,09E-05	13,19722409	9,717296738	0,003458787
10,95157059	12,36962274	9,09E-05	13,1546022	9,75693032	0,003445956
10,97121525	12,33585534	9,08E-05	13,11074161	9,795670278	0,003433403
10,99425084	12,30295695	9,08E-05	13,0659655	9,833439961	0,003421174
11,02029422	12,27103575	9,08E-05	13,02059782	9,870164976	0,003409307
11,04896994	12,24018631	9,07E-05	12,9749604	9,905774069	0,003397839
11,0799135	12,21048993	9,07E-05	12,92937512	9,9401983	0,003386799
11,112774	12,18201517	9,06E-05	12,88415781	9,973372995	0,003376214
11,1472162	12,15481839	9,06E-05	12,83960599	10,0052416	0,003366103
11,18292206	12,12894432	9,05E-05	12,79600012	10,03575502	0,003356485
11,21959184	12,10442682	9,05E-05	12,75360474	10,06487097	0,003347371
11,25694478	12,08128946	9,05E-05	12,71266484	10,09255497	0,003338769
11,2947195	12,05954633	9,05E-05	12,67340381	10,11878078	0,003330686
11,33267412	12,03920268	9,04E-05	12,63602175	10,14353061	0,003323124
11,37058614	12,02025565	9,04E-05	12,60069414	10,16679537	0,00331608
11,40825212	12,00269498	9,04E-05	12,56757064	10,1885747	0,003309552
11,44548728	11,9865037	9,03E-05	12,5367745	10,20887694	0,003303533
11,48212494	11,97165877	9,03E-05	12,50840281	10,2277187	0,003298014
11,51801588	11,95813175	9,03E-05	12,48252677	10,24512456	0,003292986
11,55302761	11,94588938	9,03E-05	12,45919211	10,26112664	0,003288435
11,58704366	11,93489423	9,03E-05	12,43841998	10,27576404	0,003284347
11,61996282	11,92510517	9,03E-05	12,42020809	10,28908228	0,003280708
11,65169826	11,916478	9,03E-05	12,40453206	10,30113264	0,003277501
11,68217684	11,90896587	9,03E-05	12,39134705	10,31197139	0,003274709
11,7113382	11,90251979	9,02E-05	12,38058952	10,32165912	0,003272312
11,73913406	11,89708907	9,02E-05	12,37217909	10,33025992	0,003270293
11,76552734	11,89262173	9,03E-05	12,36602058	10,33784064	0,003268633
11,79049147	11,88906485	9,02E-05	12,36200594	10,34447018	0,00326731
11,81400958	11,88636498	9,02E-05	12,36001632	10,35021867	0,003266307
11,83607379	11,88446843	9,02E-05	12,35992407	10,35515687	0,003265602
11,85668449	11,88332158	9,02E-05	12,36159467	10,35935544	0,003265175
11,87584966	11,88287117	9,02E-05	12,36488868	10,36288435	0,003265008
11,89358415	11,88306453	9,02E-05	12,36966342	10,36581233	0,00326508
11,90990912	11,8838498	9,02E-05	12,37577475	10,36820633	0,003265372
11,92485134	11,88517618	9,02E-05	12,38307852	10,37013111	0,003265865
11,93844264	11,88699405	9,02E-05	12,39143199	10,37164885	0,003266541
11,95359765	11,88925518	9,02E-05	12,4006951	10,3728188	0,003267381
11,96727323	11,89191023	9,02E-05	12,41073156	10,37369704	0,003268368
11,97883262	11,8949015	9,02E-05	12,42140979	10,37433626	0,00326948
11,9883912	11,89817085	9,02E-05	12,43260373	10,37478561	0,003270695
11,99615855	11,90166518	9,02E-05	12,44419352	10,37509061	0,003271994
12,00235343	11,90533751	9,02E-05	12,45606598	10,37529308	0,00327336
12,00718549	11,90914695	9,03E-05	12,46811507	10,37543114	0,003274776
12,01084719	11,91305827	9,03E-05	12,48024212	10,37553923	0,00327623
12,01350969	11,9170414	9,03E-05	12,49235604	10,37564819	0,003277711
12,01532127	11,92107073	9,03E-05	12,50437155	10,37578595	0,003279208
12,01640755	11,92512452	9,03E-05	12,51620287	10,37597968	0,003280715
12,01687292	11,92918426	9,03E-05	12,52776595	10,3762551	0,003282225
12,01680275	11,9332341	9,03E-05	12,53898741	10,37663356	0,00328373
12,01626598	11,93726038	9,03E-05	12,54980603	10,37713175	0,003285227
12,01531782	11,94125116	9,03E-05	12,56017159	10,37776219	0,00328671
12,01400236	11,94519591	9,03E-05	12,57004402	10,37853367	0,003288177
12,01235501	11,94908524	9,03E-05	12,57939253	10,37945164	0,003289623
12,01040462	11,95291065	9,03E-05	12,58819464	10,38051867	0,003291045
12,00817526	11,95666441	9,03E-05	12,59643544	10,38173475	0,00329244
12,00568776	11,96033942	9,03E-05	12,60410708	10,38309755	0,003293806
12,00296081	11,96392916	9,03E-05	12,61120814	10,38460273	0,003295141
12,00001189	11,96742761	9,03E-05	12,61774246	10,38624434	0,003296441
11,99685788	11,97082926	9,04E-05	12,62371825	10,38801523	0,003297706
11,99351547	11,97412907	9,03E-05	12,62914716	10,38990733	0,003298933
11,99000147	11,97732249	9,03E-05	12,63404362	10,39191194	0,00330012
11,98633285	11,98040543	9,03E-05	12,63842422	10,39401992	0,003301266
11,98252683	11,9833743	9,04E-05	12,64230715	10,39622192	0,00330237
11,9786008	11,98622599	9,03E-05	12,64571179	10,3985085	0,00330343
11,97457224	11,9889579	9,04E-05	12,64865833	10,40087028	0,003304445
11,97045856	11,99156788	9,03E-05	12,65116739	10,40329802	0,003305416
11,96627704	11,9940543	9,04E-05	12,65325981	10,40578274	0,00330634
11,96204463	11,99641599	9,04E-05	12,65495642	10,40831573	0,003307218
11,95777785	11,99865225	9,04E-05	12,65627793	10,41088862	0,003308049
11,95349269	12,00076281	9,04E-05	12,65724479	10,41349341	0,003308834
11,9492045	12,00274787	9,04E-05	12,65787711	10,41612245	0,003309572
11,94492791	12,004608	9,04E-05	12,65819463	10,41876848	0,003310263
11,94067679	12,00634419	9,04E-05	12,65821663	10,42142462	0,003310909
11,93721261	12,00795776	9,04E-05	12,65796193	10,42408437	0,003311508
11,93387459	12,00944974	9,04E-05	12,65744886	10,42674161	0,003312063
11,9304622	12,01081873	9,04E-05	12,65669527	10,42939056	0,003312572
11,92697714	12,01206253	9,04E-05	12,65571852	10,43202581	0,003313034
11,9234427	12,01317947	9,04E-05	12,65453543	10,43464229	0,00331345
11,91988662	12,01416877	9,04E-05	12,65316237	10,43723525	0,003313817
11,91633812	12,01503066	9,04E-05	12,65161516	10,43980028	0,003314138
11,91282625	12,01576639	9,04E-05	12,64990916	10,44233326	0,003314411
11,90937883	12,01637819	9,04E-05	12,6480592	10,44483037	0,003314639
11,90602155	12,01686923	9,04E-05	12,64607914	10,44728826	0,003314821
11,90277749	12,01724349	9,04E-05	12,64398014	10,44970455	0,00331496
11,89966674	12,01750571	9,04E-05	12,64177084	10,45207778	0,003315058
11,89670626	12,01766126	9,04E-05	12,63945961	10,45440661	0,003315116
11,89390985	12,01771602	9,04E-05	12,63705513	10,45668966	0,003315136
11,89128824	12,01767625	9,04E-05	12,63456635	10,45892548	0,003315121
11,88884924	12,01754855	9,04E-05	12,63200251	10,4611126	0,003315074
11,88659793	12,01733969	9,04E-05	12,6293731	10,46324951	0,003314996
11,88453695	12,01705656	9,04E-05	12,62668785	10,46533466	0,003314891
11,88266674	12,01670608	9,04E-05	12,62395675	10,46736647	0,003314761
11,88098577	12,0162951	9,04E-05	12,62119004	10,46934332	0,003314608
11,87949088	12,01583041	9,04E-05	12,61839829	10,47126357	0,003314435
11,87817747	12,01531859	9,04E-05	12,61559222	10,47312555	0,003314245
11,87703975	12,01476604	9,04E-05	12,61278261	10,47492764	0,003314039
11,876071	12,01417891	9,04E-05	12,60998014	10,47666829	0,003313821
11,87526372	12,01356308	9,04E-05	12,60719532	10,47834608	0,003313592
11,87460983	12,01292414	9,04E-05	12,60443837	10,47995972	0,003313355
11,87410084	12,01226737	9,04E-05	12,60171913	10,48150809	0,003313111
11,87372798	12,01159773	9,04E-05	12,59904697	10,48299025	0,003312862
11,87348231	12,01091985	9,04E-05	12,59643072	10,48440548	0,00331261
11,87335483	12,01023802	9,04E-05	12,5938786	10,48575328	0,003312356
11,87333659	12,00955622	9,04E-05	12,59139815	10,48703339	0,003312103
11,87341871	12,0088781	9,04E-05	12,5889962	10,4882458	0,003311851
11,8735925	12,00820699	9,04E-05	12,58667885	10,48939072	0,003311601
11,87384946	12,00754589	9,04E-05	12,58445142	10,49046862	0,003311355
11,87418138	12,00689753	9,04E-05	12,5823185	10,49148019	0,003311114
11,87458029	12,00626433	9,04E-05	12,5802839	10,49242637	0,003310879
11,87503855	12,00564842	9,04E-05	12,57835068	10,49330829	0,00331065
11,87554885	12,00505168	9,04E-05	12,57652117	10,49412729	0,003310428
11,8761042	12,00447573	9,04E-05	12,57479701	10,49488491	0,003310214
11,87669797	12,00392195	9,04E-05	12,57317916	10,49558284	0,003310008
11,8773239	12,00339147	9,04E-05	12,57166793	10,49622294	0,003309811
11,87797607	12,00288522	9,04E-05	12,57026305	10,49680718	0,003309623
11,8786489	12,00240394	9,04E-05	12,5689637	10,49733769	0,003309444
11,8793372	12,00194814	9,04E-05	12,56776852	10,49781665	0,003309274
11,8800361	12,0015182	9,04E-05	12,56667571	10,49824635	0,003309115
11,8807411	12,00111431	9,04E-05	12,56568302	10,49862915	0,003308964
11,88144802	12,0007365	9,04E-05	12,56478785	10,49896743	0,003308824
11,88215301	12,00038469	9,04E-05	12,56398725	10,49926362	0,003308693
11,88285256	12,00005863	9,04E-05	12,56327796	10,49952018	0,003308572
11,88354345	11,999758	9,04E-05	12,56265651	10,49973953	0,00330846
11,88422279	11,99948234	9,04E-05	12,56211918	10,49992411	0,003308358
11,88488797	11,99923111	9,04E-05	12,56166211	10,50007635	0,003308264
11,88553665	11,99900368	9,03E-05	12,56128127	10,5001986	0,00330818
11,88616677	11,99879937	9,04E-05	12,56097257	10,5002932	0,003308104
11,88677655	11,99861739	9,04E-05	12,56073181	10,50036244	0,003308036
11,88736442	11,99845695	9,04E-05	12,56055477	10,50040852	0,003307977
11,88792908	11,99831716	9,04E-05	12,56043721	10,50043359	0,003307925
11,88846944	11,99819712	9,04E-05	12,56037491	10,50043973	0,00330788
11,88898461	11,9980959	9,04E-05	12,56036368	10,50042894	0,003307842
11,88947391	11,99801254	9,04E-05	12,56039938	10,50040312	0,003307811
11,88993686	11,99794606	9,04E-05	12,56047796	10,50036409	0,003307787
11,89037312	11,99789548	9,04E-05	12,56059544	10,50031359	0,003307768
11,89078256	11,99785981	9,04E-05	12,56074798	10,50025326	0,003307755
11,89116515	11,99783805	9,04E-05	12,56093183	10,50018466	0,003307746
11,89152105	11,99782922	9,04E-05	12,56114337	10,50010922	0,003307743
11,89185049	11,99783235	9,04E-05	12,56137914	10,50002832	0,003307744
11,89215387	11,99784649	9,04E-05	12,56163582	10,49994322	0,00330775
11,89243167	11,99787068	9,04E-05	12,56191023	10,4998551	0,003307759
11,89268445	11,99790401	9,04E-05	12,56219937	10,49976505	0,003307771
11,89291289	11,99794559	9,04E-05	12,5625004	10,49967405	0,003307786
11,89311771	11,99799455	9,04E-05	12,56281063	10,49958302	0,003307805
11,89329972	11,99805006	9,04E-05	12,56312755	10,49949279	0,003307825
11,89345976	11,99811131	9,04E-05	12,5634488	10,4994041	0,003307848
11,89359874	11,99817754	9,04E-05	12,56377222	10,49931761	0,003307873
11,89371759	11,998248	9,04E-05	12,56409579	10,49923391	0,003307899
11,89381729	11,998322	9,04E-05	12,56441764	10,49915351	0,003307926
11,89389883	11,99839888	9,04E-05	12,56473609	10,49907687	0,003307955
11,89396321	11,99847801	9,04E-05	12,5650496	10,49900436	0,003307984
11,89401145	11,99855879	9,04E-05	12,56535678	10,49893631	0,003308014
11,89404458	11,99864069	9,04E-05	12,56565638	10,49887297	0,003308045
11,89406361	11,99872319	9,04E-05	12,56594731	10,49881456	0,003308076
11,89406955	11,99880582	9,04E-05	12,56622861	10,49876121	0,003308106
11,8940634	11,99888813	9,04E-05	12,56649944	10,49871305	0,003308137
11,89404616	11,99896972	9,04E-05	12,56675908	10,49867014	0,003308167
11,89401877	11,99905023	9,04E-05	12,56700696	10,49863249	0,003308197
11,89398219	11,99912932	9,04E-05	12,56724259	10,49860009	0,003308227
11,89393733	11,9992067	9,04E-05	12,5674656	10,49857289	0,003308255
11,89388507	11,9992821	9,04E-05	12,56767571	10,49855081	0,003308283
11,89382626	11,99935528	9,04E-05	12,56787274	10,49853374	0,003308311
11,89376173	11,99942604	9,04E-05	12,56805659	10,49852156	0,003308337
11,89369227	11,99949421	9,04E-05	12,56822725	10,49851409	0,003308362
11,89361862	11,99955962	9,04E-05	12,56838477	10,49851118	0,003308386
11,89354149	11,99962217	9,04E-05	12,56852928	10,49851263	0,00330841
11,89346156	11,99968175	9,04E-05	12,56866097	10,49851824	0,003308432
11,89337947	11,99973828	9,04E-05	12,56878006	10,49852779	0,003308453
11,89329581	11,99979172	9,04E-05	12,56888686	10,49854105	0,003308473
11,89321113	11,99984203	9,04E-05	12,56898169	10,49855781	0,003308491
11,89312596	11,9998892	9,04E-05	12,56906493	10,49857781	0,003308509
11,89304078	11,99993322	9,04E-05	12,56913698	10,49860083	0,003308525
11,89295604	11,99997412	9,03E-05	12,56919829	10,49862661	0,003308541
11,89287212	12,00001193	9,04E-05	12,5692493	10,49865493	0,003308555
11,89278942	12,0000467	9,04E-05	12,5692905	10,49868553	0,003308568
11,89270826	12,00007849	9,04E-05	12,56932238	10,49871818	0,003308579
11,89262893	12,00010736	9,04E-05	12,56934545	10,49875265	0,00330859
11,89255172	12,00013341	9,04E-05	12,56936022	10,49878871	0,0033086
11,89247684	12,0001567	9,04E-05	12,56936722	10,49882613	0,003308608
11,89240451	12,00017735	9,04E-05	12,56936696	10,49886471	0,003308616
11,8923349	12,00019546	9,04E-05	12,56935996	10,49890423	0,003308623
11,89226816	12,00021112	9,04E-05	12,56934674	10,49894449	0,003308629
11,89220441	12,00022445	9,04E-05	12,56932781	10,49898531	0,003308634
11,89214373	12,00023557	9,04E-05	12,56930367	10,49902649	0,003308638
11,89208622	12,00024459	9,04E-05	12,56927481	10,49906787	0,003308641
11,89203191	12,00025163	9,04E-05	12,56924171	10,49910929	0,003308644
11,89198083	12,0002568	9,04E-05	12,56920483	10,49915058	0,003308646
11,89193299	12,00026024	9,04E-05	12,56916462	10,49919162	0,003308647
11,8918884	12,00026206	9,04E-05	12,56912151	10,49923225	0,003308648
11,89184701	12,00026237	9,04E-05	12,56907591	10,49927237	0,003308648
11,8918088	12,0002613	9,04E-05	12,56902824	10,49931186	0,003308647
11,89177372	12,00025896	9,04E-05	12,56897885	10,49935061	0,003308646
11,89174169	12,00025545	9,04E-05	12,56892811	10,49938853	0,003308645
11,89171265	12,0002509	9,04E-05	12,56887636	10,49942555	0,003308643
11,8916865	12,0002454	9,04E-05	12,56882391	10,49946157	0,003308641
11,89166316	12,00023907	9,04E-05	12,56877107	10,49949655	0,003308639
11,89164253	12,00023199	9,04E-05	12,56871811	10,49953041	0,003308636
11,8916245	12,00022427	9,04E-05	12,56866528	10,49956313	0,003308634
11,89160896	12,00021599	9,04E-05	12,56861283	10,49959464	0,00330863
11,89159579	12,00020724	9,04E-05	12,56856098	10,49962493	0,003308627
11,89158488	12,00019811	9,04E-05	12,56850991	10,49965396	0,003308624
11,8915761	12,00018867	9,04E-05	12,56845982	10,49968173	0,00330862
11,89156933	12,00017899	9,04E-05	12,56841086	10,49970821	0,003308617
11,89156445	12,00016915	9,04E-05	12,56836318	10,49973341	0,003308613
11,89156133	12,00015921	9,04E-05	12,56831691	10,49975731	0,003308609
11,89155986	12,00014922	9,04E-05	12,56827214	10,49977994	0,003308606
11,89155991	12,00013924	9,04E-05	12,56822899	10,4998013	0,003308602
11,89156135	12,00012933	9,04E-05	12,56818753	10,4998214	0,003308598
11,89156408	12,00011953	9,04E-05	12,56814782	10,49984028	0,003308595
11,89156797	12,00010988	9,04E-05	12,56810992	10,49985793	0,003308591
11,89157292	12,00010042	9,04E-05	12,56807386	10,49987441	0,003308588
11,89157882	12,00009119	9,04E-05	12,56803967	10,49988973	0,003308584
11,89158555	12,00008221	9,04E-05	12,56800737	10,49990393	0,003308581
11,89159303	12,00007351	9,04E-05	12,56797696	10,49991705	0,003308578
11,89160114	12,00006512	9,04E-05	12,56794845	10,49992912	0,003308574
11,89160981	12,00005704	9,04E-05	12,5679218	10,49994017	0,003308571
11,89161894	12,00004931	9,04E-05	12,56789701	10,49995026	0,003308569
11,89162845	12,00004193	9,04E-05	12,56787405	10,49995941	0,003308566
11,89163825	12,00003492	9,04E-05	12,56785287	10,49996769	0,003308563
11,89164828	12,00002828	9,04E-05	12,56783344	10,49997511	0,003308561
11,89165847	12,00002201	9,04E-05	12,56781571	10,49998174	0,003308558
11,89166874	12,00001613	9,04E-05	12,56779963	10,49998761	0,003308556
11,89167904	12,00001062	9,04E-05	12,56778514	10,49999276	0,003308554
11,89168932	12,00000549	9,04E-05	12,56777219	10,49999724	0,003308552
11,89169952	12,00000074	9,04E-05	12,56776071	10,50000109	0,00330855
11,89170959	11,99999636	9,04E-05	12,56775063	10,50000436	0,003308549
11,8917195	11,99999234	9,04E-05	12,5677419	10,50000708	0,003308547
11,8917292	11,99998868	9,04E-05	12,56773444	10,50000929	0,003308546
11,89173866	11,99998537	9,04E-05	12,56772818	10,50001104	0,003308545
11,89174785	11,99998239	9,04E-05	12,56772306	10,50001235	0,003308544
11,89175675	11,99997974	9,04E-05	12,567719	10,50001328	0,003308543
11,89176533	11,9999774	9,04E-05	12,56771594	10,50001384	0,003308542
11,89177356	11,99997537	9,04E-05	12,56771381	10,50001409	0,003308541
11,89178145	11,99997362	9,04E-05	12,56771253	10,50001404	0,00330854
11,89178897	11,99997215	9,04E-05	12,56771205	10,50001374	0,00330854
11,89179611	11,99997094	9,04E-05	12,5677123	10,50001321	0,003308539
11,89180286	11,99996997	9,04E-05	12,56771321	10,50001247	0,003308539
11,89180922	11,99996924	9,04E-05	12,56771472	10,50001157	0,003308539
11,8918152	11,99996872	9,04E-05	12,56771678	10,50001052	0,003308539
11,89182078	11,99996841	9,04E-05	12,56771931	10,50000934	0,003308538
11,89182597	11,99996828	9,04E-05	12,56772228	10,50000806	0,003308538
11,89183078	11,99996833	9,04E-05	12,56772562	10,5000067	0,003308538
11,8918352	11,99996854	9,04E-05	12,56772929	10,50000528	0,003308538
11,89183925	11,9999689	9,04E-05	12,56773323	10,50000381	0,003308539
11,89184294	11,99996939	9,04E-05	12,56773741	10,50000232	0,003308539
11,89184627	11,99997	9,04E-05	12,56774176	10,50000081	0,003308539
11,89184925	11,99997072	9,04E-05	12,56774627	10,49999931	0,003308539
11,8918519	11,99997153	9,04E-05	12,56775088	10,49999782	0,00330854
11,89185423	11,99997243	9,04E-05	12,56775557	10,49999635	0,00330854
11,89185626	11,9999734	9,04E-05	12,5677603	10,49999492	0,00330854
11,89185799	11,99997443	9,04E-05	12,56776503	10,49999354	0,003308541
11,89185944	11,99997551	9,04E-05	12,56776975	10,4999922	0,003308541
11,89186062	11,99997663	9,04E-05	12,56777442	10,49999093	0,003308541
11,89186156	11,99997779	9,04E-05	12,56777902	10,49998972	0,003308542
11,89186226	11,99997897	9,04E-05	12,56778354	10,49998857	0,003308542
11,89186274	11,99998017	9,04E-05	12,56778795	10,4999875	0,003308543
11,89186301	11,99998137	9,04E-05	12,56779223	10,49998651	0,003308543
11,89186309	11,99998258	9,04E-05	12,56779638	10,49998559	0,003308544
11,891863	11,99998378	9,04E-05	12,56780037	10,49998475	0,003308544
11,89186274	11,99998498	9,04E-05	12,56780421	10,499984	0,003308545
11,89186234	11,99998615	9,04E-05	12,56780787	10,49998332	0,003308545
11,8918618	11,99998731	9,04E-05	12,56781135	10,49998273	0,003308545
11,89186114	11,99998844	9,04E-05	12,56781465	10,49998221	0,003308546
11,89186037	11,99998954	9,04E-05	12,56781777	10,49998177	0,003308546
11,89185951	11,99999061	9,04E-05	12,56782069	10,49998141	0,003308547
11,89185857	11,99999164	9,04E-05	12,56782342	10,49998113	0,003308547
11,89185755	11,99999263	9,04E-05	12,56782595	10,49998092	0,003308547
11,89185647	11,99999359	9,04E-05	12,5678283	10,49998077	0,003308548
11,89185535	11,9999945	9,04E-05	12,56783045	10,4999807	0,003308548
11,89185418	11,99999537	9,04E-05	12,56783242	10,49998069	0,003308548
11,89185298	11,9999962	9,04E-05	12,5678342	10,49998074	0,003308549
11,89185175	11,99999698	9,04E-05	12,5678358	10,49998084	0,003308549
11,89185052	11,99999771	9,04E-05	12,56783723	10,499981	0,003308549
11,89184927	11,9999984	9,04E-05	12,56783848	10,49998121	0,00330855
11,89184803	11,99999904	9,04E-05	12,56783957	10,49998147	0,00330855
11,89184679	11,99999964	9,04E-05	12,5678405	10,49998177	0,00330855
11,89184556	12,00000019	9,04E-05	12,56784129	10,49998212	0,00330855
11,89184436	12,00000069	9,04E-05	12,56784192	10,49998249	0,00330855
11,89184317	12,00000116	9,04E-05	12,56784242	10,4999829	0,003308551
11,89184201	12,00000158	9,04E-05	12,5678428	10,49998334	0,003308551
11,89184088	12,00000196	9,04E-05	12,56784304	10,49998381	0,003308551
11,89183979	12,0000023	9,04E-05	12,56784318	10,49998429	0,003308551
11,89183874	12,0000026	9,04E-05	12,56784321	10,4999848	0,003308551
11,89183772	12,00000286	9,04E-05	12,56784313	10,49998532	0,003308551
11,89183674	12,00000309	9,04E-05	12,56784297	10,49998586	0,003308551
11,89183581	12,00000328	9,04E-05	12,56784272	10,4999864	0,003308551
11,89183493	12,00000345	9,04E-05	12,5678424	10,49998696	0,003308551
11,89183409	12,00000358	9,04E-05	12,567842	10,49998751	0,003308552
11,8918333	12,00000368	9,04E-05	12,56784154	10,49998807	0,003308552
11,89183255	12,00000375	9,04E-05	12,56784103	10,49998863	0,003308552
11,89183185	12,0000038	9,04E-05	12,56784047	10,49998919	0,003308552
11,8918312	12,00000383	9,04E-05	12,56783986	10,49998974	0,003308552
11,8918306	12,00000383	9,04E-05	12,56783922	10,49999029	0,003308552
11,89183004	12,00000382	9,04E-05	12,56783854	10,49999083	0,003308552
11,89182953	12,00000378	9,04E-05	12,56783784	10,49999136	0,003308552
11,89182906	12,00000373	9,04E-05	12,56783712	10,49999188	0,003308552
11,89182864	12,00000366	9,04E-05	12,56783638	10,49999239	0,003308552
11,89182826	12,00000358	9,04E-05	12,56783564	10,49999288	0,003308552
11,89182792	12,00000349	9,04E-05	12,56783488	10,49999336	0,003308551
11,89182762	12,00000339	9,04E-05	12,56783413	10,49999383	0,003308551
11,89182736	12,00000327	9,04E-05	12,56783337	10,49999428	0,003308551
11,89182713	12,00000315	9,04E-05	12,56783262	10,49999471	0,003308551
11,89182694	12,00000302	9,04E-05	12,56783188	10,49999513	0,003308551
11,89182678	12,00000289	9,04E-05	12,56783115	10,49999553	0,003308551
11,89182665	12,00000275	9,04E-05	12,56783044	10,49999591	0,003308551
11,89182656	12,00000261	9,04E-05	12,56782974	10,49999627	0,003308551
11,89182648	12,00000247	9,04E-05	12,56782905	10,49999662	0,003308551
11,89182644	12,00000232	9,04E-05	12,56782839	10,49999694	0,003308551
11,89182642	12,00000218	9,04E-05	12,56782775	10,49999725	0,003308551
11,89182642	12,00000203	9,04E-05	12,56782713	10,49999755	0,003308551
11,89182644	12,00000189	9,04E-05	12,56782654	10,49999782	0,003308551
11,89182648	12,00000174	9,04E-05	12,56782597	10,49999808	0,003308551
11,89182654	12,0000016	9,04E-05	12,56782543	10,49999832	0,003308551
11,89182661	12,00000146	9,04E-05	12,56782491	10,49999854	0,003308551
11,8918267	12,00000133	9,04E-05	12,56782442	10,49999875	0,003308551
11,8918268	12,0000012	9,04E-05	12,56782396	10,49999894	0,003308551
11,89182691	12,00000107	9,04E-05	12,56782353	10,49999912	0,003308551
11,89182703	12,00000095	9,04E-05	12,56782312	10,49999928	0,003308551
11,89182715	12,00000083	9,04E-05	12,56782274	10,49999943	0,00330855
11,89182729	12,00000072	9,04E-05	12,56782239	10,49999957	0,00330855
11,89182743	12,00000061	9,04E-05	12,56782206	10,49999969	0,00330855
11,89182757	12,00000051	9,04E-05	12,56782176	10,4999998	0,00330855
11,89182772	12,00000041	9,04E-05	12,56782148	10,49999989	0,00330855
11,89182786	12,00000032	9,04E-05	12,56782123	10,49999998	0,00330855
11,89182801	12,00000023	9,04E-05	12,567821	10,50000005	0,00330855
11,89182816	12,00000015	9,04E-05	12,5678208	10,50000012	0,00330855
11,89182831	12,00000008	9,04E-05	12,56782062	10,50000018	0,00330855
11,89182846	12,00000001	9,04E-05	12,56782046	10,50000022	0,00330855
11,89182861	11,99999995	9,04E-05	12,56782032	10,50000026	0,00330855
11,89182876	11,99999989	9,04E-05	12,56782019	10,50000029	0,00330855
11,8918289	11,99999983	9,04E-05	12,56782009	10,50000032	0,00330855
11,89182904	11,99999979	9,04E-05	12,56782	10,50000034	0,00330855
11,89182917	11,99999974	9,04E-05	12,56781993	10,50000035	0,00330855
11,8918293	11,9999997	9,04E-05	12,56781988	10,50000035	0,00330855
11,89182942	11,99999967	9,04E-05	12,56781984	10,50000035	0,00330855
11,89182954	11,99999964	9,04E-05	12,56781981	10,50000035	0,00330855
11,89182966	11,99999961	9,04E-05	12,5678198	10,50000035	0,00330855
11,89182977	11,99999959	9,04E-05	12,5678198	10,50000033	0,00330855
11,89182987	11,99999957	9,04E-05	12,5678198	10,50000032	0,00330855
11,89182997	11,99999956	9,04E-05	12,56781982	10,50000031	0,00330855
11,89183007	11,99999955	9,04E-05	12,56781985	10,50000029	0,00330855
11,89183015	11,99999954	9,04E-05	12,56781988	10,50000027	0,00330855
11,89183023	11,99999954	9,04E-05	12,56781992	10,50000024	0,00330855
11,89183031	11,99999954	9,04E-05	12,56781997	10,50000022	0,00330855
11,89183038	11,99999954	9,04E-05	12,56782002	10,5000002	0,00330855
11,89183044	11,99999954	9,04E-05	12,56782008	10,50000017	0,00330855
11,8918305	11,99999955	9,04E-05	12,56782014	10,50000015	0,00330855
11,89183056	11,99999955	9,04E-05	12,5678202	10,50000012	0,00330855
11,89183061	11,99999956	9,04E-05	12,56782027	10,50000009	0,00330855
11,89183065	11,99999957	9,04E-05	12,56782033	10,50000007	0,00330855
11,89183069	11,99999958	9,04E-05	12,5678204	10,50000004	0,00330855
11,89183072	11,9999996	9,04E-05	12,56782048	10,50000002	0,00330855
11,89183075	11,99999961	9,04E-05	12,56782055	10,5	0,00330855
11,89183078	11,99999963	9,04E-05	12,56782062	10,49999997	0,00330855
11,8918308	11,99999964	9,04E-05	12,56782069	10,49999995	0,00330855
11,89183081	11,99999966	9,04E-05	12,56782076	10,49999993	0,00330855
11,89183083	11,99999968	9,04E-05	12,56782083	10,49999991	0,00330855
11,89183084	11,99999969	9,04E-05	12,56782089	10,49999989	0,00330855
11,89183085	11,99999971	9,04E-05	12,56782096	10,49999987	0,00330855
11,89183085	11,99999973	9,04E-05	12,56782102	10,49999985	0,00330855
11,89183085	11,99999975	9,04E-05	12,56782109	10,49999984	0,00330855
11,89183085	11,99999976	9,04E-05	12,56782115	10,49999982	0,00330855
11,89183084	11,99999978	9,04E-05	12,5678212	10,49999981	0,00330855
11,89183084	11,9999998	9,04E-05	12,56782126	10,4999998	0,00330855
11,89183083	11,99999981	9,04E-05	12,56782131	10,49999979	0,00330855
11,89183082	11,99999983	9,04E-05	12,56782136	10,49999978	0,00330855
11,89183081	11,99999985	9,04E-05	12,56782141	10,49999977	0,00330855
11,8918308	11,99999986	9,04E-05	12,56782145	10,49999977	0,00330855
11,89183078	11,99999988	9,04E-05	12,56782149	10,49999976	0,00330855
11,89183077	11,99999989	9,04E-05	12,56782153	10,49999976	0,00330855
11,89183075	11,99999991	9,04E-05	12,56782156	10,49999975	0,00330855
11,89183074	11,99999992	9,04E-05	12,5678216	10,49999975	0,00330855
11,89183072	11,99999993	9,04E-05	12,56782163	10,49999975	0,00330855
11,8918307	11,99999994	9,04E-05	12,56782165	10,49999975	0,00330855
11,89183068	11,99999996	9,04E-05	12,56782168	10,49999975	0,00330855
11,89183067	11,99999997	9,04E-05	12,5678217	10,49999975	0,00330855
11,89183065	11,99999998	9,04E-05	12,56782172	10,49999975	0,00330855
11,89183063	11,99999999	9,04E-05	12,56782173	10,49999975	0,00330855
11,89183061	11,99999999	9,04E-05	12,56782175	10,49999976	0,00330855
11,89183059	12	9,04E-05	12,56782176	10,49999976	0,00330855
11,89183058	12,00000001	9,04E-05	12,56782177	10,49999977	0,00330855
11,89183056	12,00000002	9,04E-05	12,56782178	10,49999977	0,00330855
11,89183054	12,00000002	9,04E-05	12,56782178	10,49999978	0,00330855
11,89183053	12,00000003	9,04E-05	12,56782179	10,49999978	0,00330855
11,89183051	12,00000003	9,04E-05	12,56782179	10,49999979	0,00330855
11,89183049	12,00000004	9,04E-05	12,56782179	10,4999998	0,00330855
11,89183048	12,00000004	9,04E-05	12,56782179	10,4999998	0,00330855
11,89183046	12,00000005	9,04E-05	12,56782179	10,49999981	0,00330855
11,89183045	12,00000005	9,04E-05	12,56782179	10,49999982	0,00330855
11,89183044	12,00000005	9,04E-05	12,56782178	10,49999982	0,00330855
11,89183043	12,00000005	9,04E-05	12,56782178	10,49999983	0,00330855
11,89183041	12,00000005	9,04E-05	12,56782177	10,49999984	0,00330855
11,8918304	12,00000005	9,04E-05	12,56782176	10,49999985	0,00330855
11,89183039	12,00000006	9,04E-05	12,56782175	10,49999985	0,00330855
11,89183038	12,00000006	9,04E-05	12,56782175	10,49999986	0,00330855
11,89183038	12,00000006	9,04E-05	12,56782174	10,49999987	0,00330855
11,89183037	12,00000006	9,04E-05	12,56782173	10,49999988	0,00330855
11,89183036	12,00000006	9,04E-05	12,56782172	10,49999988	0,00330855
11,89183035	12,00000005	9,04E-05	12,56782171	10,49999989	0,00330855
11,89183035	12,00000005	9,04E-05	12,5678217	10,4999999	0,00330855
11,89183034	12,00000005	9,04E-05	12,56782169	10,49999991	0,00330855
11,89183034	12,00000005	9,04E-05	12,56782168	10,49999991	0,00330855
11,89183033	12,00000005	9,04E-05	12,56782166	10,49999992	0,00330855
11,89183033	12,00000005	9,04E-05	12,56782165	10,49999992	0,00330855
11,89183032	12,00000005	9,04E-05	12,56782164	10,49999993	0,00330855
11,89183032	12,00000004	9,04E-05	12,56782163	10,49999994	0,00330855
11,89183032	12,00000004	9,04E-05	12,56782162	10,49999994	0,00330855
11,89183032	12,00000004	9,04E-05	12,56782161	10,49999995	0,00330855
11,89183032	12,00000004	9,04E-05	12,5678216	10,49999995	0,00330855
11,89183032	12,00000004	9,04E-05	12,56782159	10,49999996	0,00330855
11,89183031	12,00000003	9,04E-05	12,56782158	10,49999996	0,00330855
11,89183031	12,00000003	9,04E-05	12,56782157	10,49999997	0,00330855
11,89183031	12,00000003	9,04E-05	12,56782156	10,49999997	0,00330855
11,89183031	12,00000003	9,04E-05	12,56782156	10,49999997	0,00330855
11,89183032	12,00000003	9,04E-05	12,56782155	10,49999998	0,00330855
11,89183032	12,00000002	9,04E-05	12,56782154	10,49999998	0,00330855
11,89183032	12,00000002	9,04E-05	12,56782153	10,49999998	0,00330855
11,89183032	12,00000002	9,04E-05	12,56782153	10,49999999	0,00330855
11,89183032	12,00000002	9,04E-05	12,56782152	10,49999999	0,00330855
11,89183032	12,00000002	9,04E-05	12,56782151	10,49999999	0,00330855
11,89183032	12,00000001	9,04E-05	12,56782151	10,49999999	0,00330855
11,89183032	12,00000001	9,04E-05	12,5678215	10,5	0,00330855
11,89183033	12,00000001	9,04E-05	12,5678215	10,5	0,00330855
11,89183033	12,00000001	9,04E-05	12,56782149	10,5	0,00330855
11,89183033	12,00000001	9,04E-05	12,56782149	10,5	0,00330855
11,89183033	12,00000001	9,04E-05	12,56782148	10,5	0,00330855
11,89183034	12	9,04E-05	12,56782148	10,5	0,00330855
11,89183034	12	9,04E-05	12,56782148	10,5	0,00330855
11,89183034	12	9,04E-05	12,56782147	10,5	0,00330855
11,89183034	12	9,04E-05	12,56782147	10,50000001	0,00330855
11,89183034	12	9,04E-05	12,56782147	10,50000001	0,00330855
11,89183035	12	9,04E-05	12,56782147	10,50000001	0,00330855
11,89183035	12	9,04E-05	12,56782147	10,50000001	0,00330855
11,89183035	12	9,04E-05	12,56782146	10,50000001	0,00330855
11,89183035	12	9,04E-05	12,56782146	10,50000001	0,00330855
11,89183035	12	9,04E-05	12,56782146	10,50000001	0,00330855
11,89183036	12	9,04E-05	12,56782146	10,50000001	0,00330855
11,89183036	12	9,04E-05	12,56782146	10,50000001	0,00330855
11,89183036	11,99999999	9,04E-05	12,56782146	10,50000001	0,00330855
11,89183036	11,99999999	9,04E-05	12,56782146	10,50000001	0,00330855
11,89183036	11,99999999	9,04E-05	12,56782146	10,50000001	0,00330855
11,89183036	11,99999999	9,04E-05	12,56782146	10,50000001	0,00330855
11,89183037	11,99999999	9,04E-05	12,56782146	10,50000001	0,00330855
11,89183037	11,99999999	9,04E-05	12,56782146	10,50000001	0,00330855
11,89183037	11,99999999	9,04E-05	12,56782146	10,50000001	0,00330855
11,89183037	11,99999999	9,04E-05	12,56782146	10,5	0,00330855
11,89183037	11,99999999	9,04E-05	12,56782146	10,5	0,00330855
11,89183037	11,99999999	9,04E-05	12,56782146	10,5	0,00330855
11,89183037	11,99999999	9,04E-05	12,56782146	10,5	0,00330855
11,89183037	11,99999999	9,04E-05	12,56782147	10,5	0,00330855
11,89183037	11,99999999	9,04E-05	12,56782147	10,5	0,00330855
11,89183038	11,99999999	9,04E-05	12,56782147	10,5	0,00330855
11,89183038	11,99999999	9,04E-05	12,56782147	10,5	0,00330855
11,89183038	11,99999999	9,04E-05	12,56782147	10,5	0,00330855
11,89183038	11,99999999	9,04E-05	12,56782147	10,5	0,00330855
11,89183038	11,99999999	9,04E-05	12,56782147	10,5	0,00330855
11,89183038	11,99999999	9,04E-05	12,56782147	10,5	0,00330855
11,89183038	11,99999999	9,04E-05	12,56782147	10,5	0,00330855
11,89183038	12	9,04E-05	12,56782147	10,5	0,00330855
11,89183038	12	9,04E-05	12,56782148	10,5	0,00330855
11,89183038	12	9,04E-05	12,56782148	10,5	0,00330855
11,89183038	12	9,04E-05	12,56782148	10,5	0,00330855
11,89183038	12	9,04E-05	12,56782148	10,5	0,00330855
11,89183038	12	9,04E-05	12,56782148	10,5	0,00330855
11,89183038	12	9,04E-05	12,56782148	10,5	0,00330855
11,89183038	12	9,04E-05	12,56782148	10,5	0,00330855
11,89183038	12	9,04E-05	12,56782148	10,5	0,00330855
11,89183038	12	9,04E-05	12,56782148	10,5	0,00330855
11,89183038	12	9,04E-05	12,56782148	10,5	0,00330855
11,89183038	12	9,04E-05	12,56782148	10,5	0,00330855
11,89183038	12	9,04E-05	12,56782149	10,5	0,00330855
11,89183038	12	9,04E-05	12,56782149	10,5	0,00330855
11,89183038	12	9,04E-05	12,56782149	10,5	0,00330855
11,89183038	12	9,04E-05	12,56782149	10,5	0,00330855
11,89183038	12	9,04E-05	12,56782149	10,5	0,00330855
11,89183038	12	9,04E-05	12,56782149	10,5	0,00330855
11,89183038	12	9,04E-05	12,56782149	10,5	0,00330855
11,89183038	12	9,04E-05	12,56782149	10,5	0,00330855
11,89183038	12	9,04E-05	12,56782149	10,5	0,00330855
11,89183038	12	9,04E-05	12,56782149	10,5	0,00330855
11,89183038	12	9,04E-05	12,56782149	10,5	0,00330855
11,89183038	12	9,04E-05	12,56782149	10,5	0,00330855
11,89183038	12	9,04E-05	12,56782149	10,5	0,00330855
11,89183037	12	9,04E-05	12,56782149	10,5	0,00330855
11,89183037	12	9,04E-05	12,56782149	10,5	0,00330855
11,89183037	12	9,04E-05	12,56782149	10,5	0,00330855
11,89183037	12	9,04E-05	12,56782149	10,5	0,00330855
11,89183037	12	9,04E-05	12,56782149	10,5	0,00330855
11,89183037	12	9,04E-05	12,56782149	10,5	0,00330855
11,89183037	12	9,04E-05	12,56782149	10,5	0,00330855
11,89183037	12	9,04E-05	12,56782149	10,5	0,00330855
11,89183037	12	9,04E-05	12,56782149	10,5	0,00330855
11,89183037	12	9,04E-05	12,56782149	10,5	0,00330855
11,89183037	12	9,04E-05	12,56782149	10,5	0,00330855
11,89183037	12	9,04E-05	12,56782149	10,5	0,00330855
11,89183037	12	9,04E-05	12,56782149	10,5	0,00330855
11,89183037	12	9,04E-05	12,56782149	10,5	0,00330855
11,89183037	12	9,04E-05	12,56782149	10,5	0,00330855
11,89183037	12	9,04E-05	12,56782149	10,5	0,00330855
11,89183037	12	9,04E-05	12,56782149	10,5	0,00330855
11,89183037	12	9,04E-05	12,56782149	10,5	0,00330855
11,89183037	12	9,04E-05	12,56782149	10,5	0,00330855
11,89183037	12	9,04E-05	12,56782149	10,5	0,00330855
11,89183037	12	9,04E-05	12,56782149	10,5	0,00330855
11,89183037	12	9,04E-05	12,56782149	10,5	0,00330855
11,89183037	12	9,04E-05	12,56782149	10,5	0,00330855
11,89183037	12	9,04E-05	12,56782149	10,5	0,00330855
11,89183037	12	9,04E-05	12,56782149	10,5	0,00330855
11,89183037	12	9,04E-05	12,56782149	10,5	0,00330855
11,89183037	12	9,04E-05	12,56782149	10,5	0,00330855
11,89183037	12	9,04E-05	12,56782149	10,5	0,00330855
11,89183037	12	9,04E-05	12,56782149	10,5	0,00330855
11,89183037	12	9,04E-05	12,56782149	10,5	0,00330855
11,89183037	12	9,04E-05	12,56782149	10,5	0,00330855
11,89183037	12	9,04E-05	12,56782149	10,5	0,00330855
11,89183037	12	9,04E-05	12,56782149	10,5	0,00330855
11,89183037	12	9,04E-05	12,56782149	10,5	0,00330855
11,89183037	12	9,04E-05	12,56782149	10,5	0,00330855
11,89183037	12	9,04E-05	12,56782149	10,5	0,00330855
11,89183037	12	9,04E-05	12,56782149	10,5	0,00330855
11,89183037	12	9,04E-05	12,56782149	10,5	0,00330855
11,89183037	12	9,04E-05	12,56782149	10,5	0,00330855
11,89183037	12	9,04E-05	12,56782149	10,5	0,00330855
11,89183037	12	9,04E-05	12,56782149	10,5	0,00330855
11,89183037	12	9,04E-05	12,56782149	10,5	0,00330855
11,89183037	12	9,04E-05	12,56782149	10,5	0,00330855
11,89183037	12	9,04E-05	12,56782149	10,5	0,00330855
11,89183037	12	9,04E-05	12,56782149	10,5	0,00330855
11,89183037	12	9,04E-05	12,56782149	10,5	0,00330855
11,89183037	12	9,04E-05	12,56782149	10,5	0,00330855
11,89183037	12	9,04E-05	12,56782149	10,5	0,00330855
11,89183037	12	9,04E-05	12,56782149	10,5	0,00330855
11,89183037	12	9,04E-05	12,56782149	10,5	0,00330855
11,89183037	12	9,04E-05	12,56782149	10,5	0,00330855
11,89183037	12	9,04E-05	12,56782149	10,5	0,00330855
11,89183037	12	9,04E-05	12,56782149	10,5	0,00330855
11,89183037	12	9,04E-05	12,56782149	10,5	0,00330855
11,89183037	12	9,04E-05	12,56782149	10,5	0,00330855
11,89183037	12	9,04E-05	12,56782149	10,5	0,00330855
11,89183037	12	9,04E-05	12,56782149	10,5	0,00330855
11,89183037	12	9,04E-05	12,56782149	10,5	0,00330855
11,89183037	12	9,04E-05	12,56782149	10,5	0,00330855
11,89183037	12	9,04E-05	12,56782149	10,5	0,00330855
11,89183037	12	9,04E-05	12,56782149	10,5	0,00330855
11,89183037	12	9,04E-05	12,56782149	10,5	0,00330855
11,89183037	12	9,04E-05	12,56782149	10,5	0,00330855
11,89183037	12	9,04E-05	12,56782149	10,5	0,00330855
11,89183037	12	9,04E-05	12,56782149	10,5	0,00330855
11,89183037	12	9,04E-05	12,56782149	10,5	0,00330855
11,89183037	12	9,04E-05	12,56782149	10,5	0,00330855
11,89183037	12	9,04E-05	12,56782149	10,5	0,00330855
11,89183037	12	9,04E-05	12,56782149	10,5	0,00330855
11,89183037	12	9,04E-05	12,56782149	10,5	0,00330855
11,89183037	12	9,04E-05	12,56782149	10,5	0,00330855
11,89183037	12	9,04E-05	12,56782149	10,5	0,00330855
11,89183037	12	9,04E-05	12,56782149	10,5	0,00330855
11,89183037	12	9,04E-05	12,56782149	10,5	0,00330855
11,89183037	12	9,04E-05	12,56782149	10,5	0,00330855
11,89183037	12	9,04E-05	12,56782149	10,5	0,00330855
11,89183037	12	9,04E-05	12,56782149	10,5	0,00330855
11,89183037	12	9,04E-05	12,56782149	10,5	0,00330855
11,89183037	12	9,04E-05	12,56782149	10,5	0,00330855
11,89183037	12	9,04E-05	12,56782149	10,5	0,00330855
11,89183037	12	9,04E-05	12,56782149	10,5	0,00330855
11,89183037	12	9,04E-05	12,56782149	10,5	0,00330855
11,89183037	12	9,04E-05	12,56782149	10,5	0,00330855
11,89183037	12	9,04E-05	12,56782149	10,5	0,00330855
11,89183037	12	9,04E-05	12,56782149	10,5	0,00330855
11,89183037	12	9,04E-05	12,56782149	10,5	0,00330855
11,89183037	12	9,04E-05	12,56782149	10,5	0,00330855
11,89183037	12	9,04E-05	12,56782149	10,5	0,00330855
11,89183037	12	9,04E-05	12,56782149	10,5	0,00330855
11,89183037	12	9,04E-05	12,56782149	10,5	0,00330855
11,89183037	12	9,04E-05	12,56782149	10,5	0,00330855
11,89183037	12	9,04E-05	12,56782149	10,5	0,00330855
11,89183037	12	9,04E-05	12,56782149	10,5	0,00330855
11,89183037	12	9,04E-05	12,56782149	10,5	0,00330855
11,89183037	12	9,04E-05	12,56782149	10,5	0,00330855
11,89183037	12	9,04E-05	12,56782149	10,5	0,00330855
11,89183037	12	9,04E-05	12,56782149	10,5	0,00330855
11,89183037	12	9,04E-05	12,56782149	10,5	0,00330855
11,89183037	12	9,04E-05	12,56782149	10,5	0,00330855
11,89183037	12	9,04E-05	12,56782149	10,5	0,00330855
11,89183037	12	9,04E-05	12,56782149	10,5	0,00330855
11,89183037	12	9,04E-05	12,56782149	10,5	0,00330855
11,89183037	12	9,04E-05	12,56782149	10,5	0,00330855
11,89183037	12	9,04E-05	12,56782149	10,5	0,00330855
11,89183037	12	9,04E-05	12,56782149	10,5	0,00330855
11,89183037	12	9,04E-05	12,56782149	10,5	0,00330855
11,89183037	12	9,04E-05	12,56782149	10,5	0,00330855
11,89183037	12	9,04E-05	12,56782149	10,5	0,00330855
11,89183037	12	9,04E-05	12,56782149	10,5	0,00330855
11,89183037	12	9,04E-05	12,56782149	10,5	0,00330855
11,89183037	12	9,04E-05	12,56782149	10,5	0,00330855
11,89183037	12	9,04E-05	12,56782149	10,5	0,00330855
11,89183037	12	9,04E-05	12,56782149	10,5	0,00330855
11,89183037	12	9,04E-05	12,56782149	10,5	0,00330855
11,89183037	12	9,04E-05	12,56782149	10,5	0,00330855
11,89183037	12	9,04E-05	12,56782149	10,5	0,00330855
11,89183037	12	9,04E-05	12,56782149	10,5	0,00330855
11,89183037	12	9,04E-05	12,56782149	10,5	0,00330855
11,89183037	12	9,04E-05	12,56782149	10,5	0,00330855
11,89183037	12	9,04E-05	12,56782149	10,5	0,00330855
11,89183037	12	9,04E-05	12,56782149	10,5	0,00330855
11,89183037	12	9,04E-05	12,56782149	10,5	0,00330855
11,89183037	12	9,04E-05	12,56782149	10,5	0,00330855
11,89183037	12	9,04E-05	12,56782149	10,5	0,00330855
11,89183037	12	9,04E-05	12,56782149	10,5	0,00330855
11,89183037	12	9,04E-05	12,56782149	10,5	0,00330855
11,89183037	12	9,04E-05	12,56782149	10,5	0,00330855
11,89183037	12	9,04E-05	12,56782149	10,5	0,00330855
11,89183037	12	9,04E-05	12,56782149	10,5	0,00330855
11,89183037	12	9,04E-05	12,56782149	10,5	0,00330855
11,89183037	12	9,04E-05	12,56782149	10,5	0,00330855
11,89183037	12	9,04E-05	12,56782149	10,5	0,00330855
11,89183037	12	9,04E-05	12,56782149	10,5	0,00330855
11,89183037	12	9,04E-05	12,56782149	10,5	0,00330855
11,89183037	12	9,04E-05	12,56782149	10,5	0,00330855
11,89183037	12	9,04E-05	12,56782149	10,5	0,00330855
11,89183037	12	9,04E-05	12,56782149	10,5	0,00330855
11,89183037	12	9,04E-05	12,56782149	10,5	0,00330855
11,89183037	12	9,04E-05	12,56782149	10,5	0,00330855
11,89183037	12	9,04E-05	12,56782149	10,5	0,00330855
11,89183037	12	9,04E-05	12,56782149	10,5	0,00330855
11,89183037	12	9,04E-05	12,56782149	10,5	0,00330855
11,89183037	12	9,04E-05	12,56782149	10,5	0,00330855
11,89183037	12	9,04E-05	12,56782149	10,5	0,00330855
11,89183037	12	9,04E-05	12,56782149	10,5	0,00330855
11,89183037	12	9,04E-05	12,56782149	10,5	0,00330855
11,89183037	12	9,04E-05	12,56782149	10,5	0,00330855
11,89183037	12	9,04E-05	12,56782149	10,5	0,00330855
11,89183037	12	9,04E-05	12,56782149	10,5	0,00330855
11,89183037	12	9,04E-05	12,56782149	10,5	0,00330855
11,89183037	12	9,04E-05	12,56782149	10,5	0,00330855
11,89183037	12	9,04E-05	12,56782149	10,5	0,00330855
11,89183037	12	9,04E-05	12,56782149	10,5	0,00330855
11,89183037	12	9,04E-05	12,56782149	10,5	0,00330855
11,89183037	12	9,04E-05	12,56782149	10,5	0,00330855
11,89183037	12	9,04E-05	12,56782149	10,5	0,00330855
11,89183037	12	9,04E-05	12,56782149	10,5	0,00330855
11,89183037	12	9,04E-05	12,56782149	10,5	0,00330855
11,89183037	12	9,04E-05	12,56782149	10,5	0,00330855
11,89183037	12	9,04E-05	12,56782149	10,5	0,00330855
11,89183037	12	9,04E-05	12,56782149	10,5	0,00330855
11,89183037	12	9,04E-05	12,56782149	10,5	0,00330855
11,89183037	12	9,04E-05	12,56782149	10,5	0,00330855
11,89183037	12	9,04E-05	12,56782149	10,5	0,00330855
11,89183037	12	9,04E-05	12,56782149	10,5	0,00330855
11,89183037	12	9,04E-05	12,56782149	10,5	0,00330855
11,89183037	12	9,04E-05	12,56782149	10,5	0,00330855
11,89183037	12	9,04E-05	12,56782149	10,5	0,00330855
11,89183037	12	9,04E-05	12,56782149	10,5	0,00330855
11,89183037	12	9,04E-05	12,56782149	10,5	0,00330855
11,89183037	12	9,04E-05	12,56782149	10,5	0,00330855
11,89183037	12	9,04E-05	12,56782149	10,5	0,00330855
11,89183037	12	9,04E-05	12,56782149	10,5	0,00330855
11,89183037	12	9,04E-05	12,56782149	10,5	0,00330855
11,89183037	12	9,04E-05	12,56782149	10,5	0,00330855
11,89183037	12	9,04E-05	12,56782149	10,5	0,00330855
11,89183037	12	9,04E-05	12,56782149	10,5	0,00330855
11,89183037	12	9,04E-05	12,56782149	10,5	0,00330855
11,89183037	12	9,04E-05	12,56782149	10,5	0,00330855
11,89183037	12	9,04E-05	12,56782149	10,5	0,00330855
11,89183037	12	9,04E-05	12,56782149	10,5	0,00330855
11,89183037	12	9,04E-05	12,56782149	10,5	0,00330855
11,89183037	12	9,04E-05	12,56782149	10,5	0,00330855
11,89183037	12	9,04E-05	12,56782149	10,5	0,00330855
11,89183037	12	9,04E-05	12,56782149	10,5	0,00330855
11,89183037	12	9,04E-05	12,56782149	10,5	0,00330855
11,89183037	12	9,04E-05	12,56782149	10,5	0,00330855
11,89183037	12	9,04E-05	12,56782149	10,5	0,00330855
11,89183037	12	9,04E-05	12,56782149	10,5	0,00330855
11,89183037	12	9,04E-05	12,56782149	10,5	0,00330855
11,89183037	12	9,04E-05	12,56782149	10,5	0,00330855
11,89183037	12	9,04E-05	12,56782149	10,5	0,00330855
11,89183037	12	9,04E-05	12,56782149	10,5	0,00330855
11,89183037	12	9,04E-05	12,56782149	10,5	0,00330855
11,89183037	12	9,04E-05	12,56782149	10,5	0,00330855
11,89183037	12	9,04E-05	12,56782149	10,5	0,00330855
11,89183037	12	9,04E-05	12,56782149	10,5	0,00330855
11,89183037	12	9,04E-05	12,56782149	10,5	0,00330855
11,89183037	12	9,04E-05	12,56782149	10,5	0,00330855
11,89183037	12	9,04E-05	12,56782149	10,5	0,00330855
11,89183037	12	9,04E-05	12,56782149	10,5	0,00330855
11,89183037	12	9,04E-05	12,56782149	10,5	0,00330855
11,89183037	12	9,04E-05	12,56782149	10,5	0,00330855
11,89183037	12	9,04E-05	12,56782149	10,5	0,00330855
11,89183037	12	9,04E-05	12,56782149	10,5	0,00330855
11,89183037	12	9,04E-05	12,56782149	10,5	0,00330855
11,89183037	12	9,04E-05	12,56782149	10,5	0,00330855
11,89183037	12	9,04E-05	12,56782149	10,5	0,00330855
11,89183037	12	9,04E-05	12,56782149	10,5	0,00330855
11,89183037	12	9,04E-05	12,56782149	10,5	0,00330855
11,89183037	12	9,04E-05	12,56782149	10,5	0,00330855
11,89183037	12	9,04E-05	12,56782149	10,5	0,00330855
11,89183037	12	9,04E-05	12,56782149	10,5	0,00330855
11,89183037	12	9,04E-05	12,56782149	10,5	0,00330855
11,89183037	12	9,04E-05	12,56782149	10,5	0,00330855
11,89183037	12	9,04E-05	12,56782149	10,5	0,00330855
11,89183037	12	9,04E-05	12,56782149	10,5	0,00330855
11,89183037	12	9,04E-05	12,56782149	10,5	0,00330855
11,89183037	12	9,04E-05	12,56782149	10,5	0,00330855
11,89183037	12	9,04E-05	12,56782149	10,5	0,00330855
11,89183037	12	9,04E-05	12,56782149	10,5	0,00330855
11,89183037	12	9,04E-05	12,56782149	10,5	0,00330855
11,89183037	12	9,04E-05	12,56782149	10,5	0,00330855
11,89183037	12	9,04E-05	12,56782149	10,5	0,00330855
11,89183037	12	9,04E-05	12,56782149	10,5	0,00330855
11,89183037	12	9,04E-05	12,56782149	10,5	0,00330855
11,89183037	12	9,04E-05	12,56782149	10,5	0,00330855
11,89183037	12	9,04E-05	12,56782149	10,5	0,00330855
11,89183037	12	9,04E-05	12,56782149	10,5	0,00330855
11,89183037	12	9,04E-05	12,56782149	10,5	0,00330855
11,89183037	12	9,04E-05	12,56782149	10,5	0,00330855
11,89183037	12	9,04E-05	12,56782149	10,5	0,00330855
11,89183037	12	9,04E-05	12,56782149	10,5	0,00330855
11,89183037	12	9,04E-05	12,56782149	10,5	0,00330855
11,89183037	12	9,04E-05	12,56782149	10,5	0,00330855
11,89183037	12	9,04E-05	12,56782149	10,5	0,00330855
11,89183037	12	9,04E-05	12,56782149	10,5	0,00330855
11,89183037	12	9,04E-05	12,56782149	10,5	0,00330855
11,89183037	12	9,04E-05	12,56782149	10,5	0,00330855
11,89183037	12	9,04E-05	12,56782149	10,5	0,00330855
11,89183037	12	9,04E-05	12,56782149	10,5	0,00330855
11,89183037	12	9,04E-05	12,56782149	10,5	0,00330855
11,89183037	12	9,04E-05	12,56782149	10,5	0,00330855
11,89183037	12	9,04E-05	12,56782149	10,5	0,00330855
11,89183037	12	9,04E-05	12,56782149	10,5	0,00330855
11,89183037	12	9,04E-05	12,56782149	10,5	0,00330855
11,89183037	12	9,04E-05	12,56782149	10,5	0,00330855
11,89183037	12	9,04E-05	12,56782149	10,5	0,00330855
11,89183037	12	9,04E-05	12,56782149	10,5	0,00330855
11,89183037	12	9,04E-05	12,56782149	10,5	0,00330855
11,89183037	12	9,04E-05	12,56782149	10,5	0,00330855
11,89183037	12	9,04E-05	12,56782149	10,5	0,00330855
11,89183037	12	9,04E-05	12,56782149	10,5	0,00330855
11,89183037	12	9,04E-05	12,56782149	10,5	0,00330855
11,89183037	12	9,04E-05	12,56782149	10,5	0,00330855
11,89183037	12	9,04E-05	12,56782149	10,5	0,00330855
11,89183037	12	9,04E-05	12,56782149	10,5	0,00330855
11,89183037	12	9,04E-05	12,56782149	10,5	0,00330855
11,89183037	12	9,04E-05	12,56782149	10,5	0,00330855
11,89183037	12	9,04E-05	12,56782149	10,5	0,00330855
11,89183037	12	9,04E-05	12,56782149	10,5	0,00330855
11,89183037	12	9,04E-05	12,56782149	10,5	0,00330855
11,89183037	12	9,04E-05	12,56782149	10,5	0,00330855
11,89183037	12	9,04E-05	12,56782149	10,5	0,00330855
11,89183037	12	9,04E-05	12,56782149	10,5	0,00330855
11,89183037	12	9,04E-05	12,56782149	10,5	0,00330855
11,89183037	12	9,04E-05	12,56782149	10,5	0,00330855
11,89183037	12	9,04E-05	12,56782149	10,5	0,00330855
11,89183037	12	9,04E-05	12,56782149	10,5	0,00330855
11,89183037	12	9,04E-05	12,56782149	10,5	0,00330855
11,89183037	12	9,04E-05	12,56782149	10,5	0,00330855
11,89183037	12	9,04E-05	12,56782149	10,5	0,00330855
11,89183037	12	9,04E-05	12,56782149	10,5	0,00330855
11,89183037	12	9,04E-05	12,56782149	10,5	0,00330855
11,89183037	12	9,04E-05	12,56782149	10,5	0,00330855
11,89183037	12	9,04E-05	12,56782149	10,5	0,00330855
11,89183037	12	9,04E-05	12,56782149	10,5	0,00330855
11,89183037	12	9,04E-05	12,56782149	10,5	0,00330855
11,89183037	12	9,04E-05	12,56782149	10,5	0,00330855
11,89183037	12	9,04E-05	12,56782149	10,5	0,00330855
11,89183037	12	9,04E-05	12,56782149	10,5	0,00330855
11,89183037	12	9,04E-05	12,56782149	10,5	0,00330855
11,89183037	12	9,04E-05	12,56782149	10,5	0,00330855
11,89183037	12	9,04E-05	12,56782149	10,5	0,00330855
11,89183037	12	9,04E-05	12,56782149	10,5	0,00330855
11,89183037	12	9,04E-05	12,56782149	10,5	0,00330855
11,89183037	12	9,04E-05	12,56782149	10,5	0,00330855
11,89183037	12	9,04E-05	12,56782149	10,5	0,00330855
11,89183037	12	9,04E-05	12,56782149	10,5	0,00330855
11,89183037	12	9,04E-05	12,56782149	10,5	0,00330855
11,89183037	12	9,04E-05	12,56782149	10,5	0,00330855
11,89183037	12	9,04E-05	12,56782149	10,5	0,00330855
11,89183037	12	9,04E-05	12,56782149	10,5	0,00330855
11,89183037	12	9,04E-05	12,56782149	10,5	0,00330855
11,89183037	12	9,04E-05	12,56782149	10,5	0,00330855
11,89183037	12	9,04E-05	12,56782149	10,5	0,00330855
11,89183037	12	9,04E-05	12,56782149	10,5	0,00330855
11,89183037	12	9,04E-05	12,56782149	10,5	0,00330855
11,89183037	12	9,04E-05	12,56782149	10,5	0,00330855
11,89183037	12	9,04E-05	12,56782149	10,5	0,00330855
11,89183037	12	9,04E-05	12,56782149	10,5	0,00330855
11,89183037	12	9,04E-05	12,56782149	10,5	0,00330855
11,89183037	12	9,04E-05	12,56782149	10,5	0,00330855
11,89183037	12	9,04E-05	12,56782149	10,5	0,00330855
11,89183037	12	9,04E-05	12,56782149	10,5	0,00330855
11,89183037	12	9,04E-05	12,56782149	10,5	0,00330855
11,89183037	12	9,04E-05	12,56782149	10,5	0,00330855
11,89183037	12	9,04E-05	12,56782149	10,5	0,00330855
11,89183037	12	9,04E-05	12,56782149	10,5	0,00330855
11,89183037	12	9,04E-05	12,56782149	10,5	0,00330855
11,89183037	12	9,04E-05	12,56782149	10,5	0,00330855
11,89183037	12	9,04E-05	12,56782149	10,5	0,00330855
11,89183037	12	9,04E-05	12,56782149	10,5	0,00330855
11,89183037	12	9,04E-05	12,56782149	10,5	0,00330855
11,89183037	12	9,04E-05	12,56782149	10,5	0,00330855
11,89183037	12	9,04E-05	12,56782149	10,5	0,00330855
11,89183037	12	9,04E-05	12,56782149	10,5	0,00330855
11,89183037	12	9,04E-05	12,56782149	10,5	0,00330855
11,89183037	12	9,04E-05	12,56782149	10,5	0,00330855
11,89183037	12	9,04E-05	12,56782149	10,5	0,00330855
11,89183037	12	9,04E-05	12,56782149	10,5	0,00330855
11,89183037	12	9,04E-05	12,56782149	10,5	0,00330855
11,89183037	12	9,04E-05	12,56782149	10,5	0,00330855
11,89183037	12	9,04E-05	12,56782149	10,5	0,00330855
11,89183037	12	9,04E-05	12,56782149	10,5	0,00330855
11,89183037	12	9,04E-05	12,56782149	10,5	0,00330855
11,89183037	12	9,04E-05	12,56782149	10,5	0,00330855
11,89183037	12	9,04E-05	12,56782149	10,5	0,00330855
11,89183037	12	9,04E-05	12,56782149	10,5	0,00330855
11,89183037	12	9,04E-05	12,56782149	10,5	0,00330855
11,89183037	12	9,04E-05	12,56782149	10,5	0,00330855
11,89183037	12	9,04E-05	12,56782149	10,5	0,00330855
11,89183037	12	9,04E-05	12,56782149	10,5	0,00330855
11,89183037	12	9,04E-05	12,56782149	10,5	0,00330855
11,89183037	12	9,04E-05	12,56782149	10,5	0,00330855
11,89183037	12	9,04E-05	12,56782149	10,5	0,00330855
11,89183037	12	9,04E-05	12,56782149	10,5	0,00330855
11,89183037	12	9,04E-05	12,56782149	10,5	0,00330855
11,89183037	12	9,04E-05	12,56782149	10,5	0,00330855
11,89183037	12	9,04E-05	12,56782149	10,5	0,00330855
11,89183037	12	9,04E-05	12,56782149	10,5	0,00330855
11,89183037	12	9,04E-05	12,56782149	10,5	0,00330855
11,89183037	12	9,04E-05	12,56782149	10,5	0,00330855
11,89183037	12	9,04E-05	12,56782149	10,5	0,00330855
11,89183037	12	9,04E-05	12,56782149	10,5	0,00330855
11,89183037	12	9,04E-05	12,56782149	10,5	0,00330855
11,89183037	12	9,04E-05	12,56782149	10,5	0,00330855
11,89183037	12	9,04E-05	12,56782149	10,5	0,00330855
11,89183037	12	9,04E-05	12,56782149	10,5	0,00330855
11,89183037	12	9,04E-05	12,56782149	10,5	0,00330855
11,89183037	12	9,04E-05	12,56782149	10,5	0,00330855
11,89183037	12	9,04E-05	12,56782149	10,5	0,00330855
11,89183037	12	9,04E-05	12,56782149	10,5	0,00330855
11,89183037	12	9,04E-05	12,56782149	10,5	0,00330855
11,89183037	12	9,04E-05	12,56782149	10,5	0,00330855
11,89183037	12	9,04E-05	12,56782149	10,5	0,00330855
11,89183037	12	9,04E-05	12,56782149	10,5	0,00330855
11,89183037	12	9,04E-05	12,56782149	10,5	0,00330855
11,89183037	12	9,04E-05	12,56782149	10,5	0,00330855
11,89183037	12	9,04E-05	12,56782149	10,5	0,00330855
11,89183037	12	9,04E-05	12,56782149	10,5	0,00330855
11,89183037	12	9,04E-05	12,56782149	10,5	0,00330855
11,89183037	12	9,04E-05	12,56782149	10,5	0,00330855
11,89183037	12	9,04E-05	12,56782149	10,5	0,00330855
11,89183037	12	9,04E-05	12,56782149	10,5	0,00330855
11,89183037	12	9,04E-05	12,56782149	10,5	0,00330855
11,89183037	12	9,04E-05	12,56782149	10,5	0,00330855
11,89183037	12	9,04E-05	12,56782149	10,5	0,00330855
11,89183037	12	9,04E-05	12,56782149	10,5	0,00330855
11,89183037	12	9,04E-05	12,56782149	10,5	0,00330855
11,89183037	12	9,04E-05	12,56782149	10,5	0,00330855
11,89183037	12	9,04E-05	12,56782149	10,5	0,00330855
11,89183037	12	9,04E-05	12,56782149	10,5	0,00330855
11,89183037	12	9,04E-05	12,56782149	10,5	0,00330855
11,89183037	12	9,04E-05	12,56782149	10,5	0,00330855
11,89183037	12	9,04E-05	12,56782149	10,5	0,00330855
11,89183037	12	9,04E-05	12,56782149	10,5	0,00330855
11,89183037	12	9,04E-05	12,56782149	10,5	0,00330855
11,89183037	12	9,04E-05	12,56782149	10,5	0,00330855
11,89183037	12	9,04E-05	12,56782149	10,5	0,00330855
11,89183037	12	9,04E-05	12,56782149	10,5	0,00330855
11,89183037	12	9,04E-05	12,56782149	10,5	0,00330855
11,89183037	12	9,04E-05	12,56782149	10,5	0,00330855
11,89183037	12	9,04E-05	12,56782149	10,5	0,00330855
11,89183037	12	9,04E-05	12,56782149	10,5	0,00330855
11,89183037	12	9,04E-05	12,56782149	10,5	0,00330855
11,89183037	12	9,04E-05	12,56782149	10,5	0,00330855
11,89183037	12	9,04E-05	12,56782149	10,5	0,00330855
11,89183037	12	9,04E-05	12,56782149	10,5	0,00330855
11,89183037	12	9,04E-05	12,56782149	10,5	0,00330855
11,89183037	12	9,04E-05	12,56782149	10,5	0,00330855
11,89183037	12	9,04E-05	12,56782149	10,5	0,00330855
11,89183037	12	9,03E-05	12,56782149	10,5	0,00330855
11,89183037	12	9,04E-05	12,56782149	10,5	0,00330855
11,89183037	12	9,04E-05	12,56782149	10,5	0,00330855
11,89183037	12	9,04E-05	12,56782149	10,5	0,00330855
11,89183037	12	9,04E-05	12,56782149	10,5	0,00330855
11,89183037	12	9,04E-05	12,56782149	10,5	0,00330855
11,89183037	12	9,04E-05	12,56782149	10,5	0,00330855
11,89183037	12	9,04E-05	12,56782149	10,5	0,00330855
11,89183037	12	9,04E-05	12,56782149	10,5	0,00330855
11,89183037	12	9,04E-05	12,56782149	10,5	0,00330855
11,89183037	12	9,04E-05	12,56782149	10,5	0,00330855
11,89183037	12	9,04E-05	12,56782149	10,5	0,00330855
11,89183037	12	9,04E-05	12,56782149	10,5	0,00330855
11,89183037	12	9,04E-05	12,56782149	10,5	0,00330855
11,89183037	12	9,04E-05	12,56782149	10,5	0,00330855
11,89183037	12	9,04E-05	12,56782149	10,5	0,00330855
11,89183037	12	9,04E-05	12,56782149	10,5	0,00330855
11,89183037	12	9,04E-05	12,56782149	10,5	0,00330855
11,89183037	12	9,04E-05	12,56782149	10,5	0,00330855
11,89183037	12	9,04E-05	12,56782149	10,5	0,00330855
11,89183037	12	9,04E-05	12,56782149	10,5	0,00330855
11,89183037	12	9,04E-05	12,56782149	10,5	0,00330855
11,89183037	12	9,04E-05	12,56782149	10,5	0,00330855
11,89183037	12	9,04E-05	12,56782149	10,5	0,00330855
11,89183037	12	9,04E-05	12,56782149	10,5	0,00330855
11,89183037	12	9,04E-05	12,56782149	10,5	0,00330855