CWFlow	OutFlow	Steam	Volume	Entalpy	Level
0	9,04E-05	14,1016	0,003309	13,99314729	20,4776
0	9,04E-05	14,1016668	0,003308979	13,99321419	20,47746617
0	9,04E-05	14,10200083	0,003308875	13,99354868	20,476797
0	9,04E-05	14,10367094	0,003308352	13,99522113	20,47345119
0	9,04E-05	14,11202149	0,003305738	14,00358338	20,45672326
0	9,03E-05	14,15377423	0,003292674	14,04539465	20,37311068
0	9,01E-05	14,36253797	0,003227457	-1,692491358	19,95572483
0	9,00E-05	14,39032	0,003218791	-1,747567444	19,90026468
0	8,99E-05	14,52923017	0,00317551	-1,948874783	19,62326374
0	8,97E-05	14,67904	0,00312892	-1,984520609	19,32508778
0	8,94E-05	14,96776	0,003039386	-2,053058634	18,75206949
0	8,90E-05	15,04	0,002950189	-2,358910736	18,18121006
0	8,87E-05	15,04	0,00286133	-2,753844219	17,61250969
0	8,84E-05	15,04	0,002772808	-3,157648242	17,04596863
0	8,80E-05	15,04	0,002684623	-3,568568051	16,48158708
0	8,77E-05	10,43285442	0,002596776	-8,604706985	15,91936528
0	8,73E-05	0,022385598	0,002509266	-19,4417726	15,35930346
0	8,71E-05	0	0,002422034	-19,29348008	15,019324
0	8,69E-05	0	0,002334994	-19,20435212	14,70597849
0	8,68E-05	0	0,002248143	-19,16226898	14,39331657
0	8,66E-05	0	0,002161483	-19,12108218	14,08133829
0	8,65E-05	0	0,002146258	-19,11371916	14,02652864
0	8,65E-05	0	0,002146258	-19,11371916	14,02652864
0	8,65E-05	0	0,002146258	-19,11371916	14,02652864
0	8,64E-05	0	0,002075012	-19,08562949	13,77004368
0	8,62E-05	0	0,002012897	-19,04921937	13,54642862
0	8,62E-05	0	0,002012897	-19,04910504	13,54642862
0	8,62E-05	0	0,001988733	-19,03239289	13,42338387
0	8,61E-05	0	0,001964595	-19,01011504	13,25924705
0	8,59E-05	0	0,001916404	-18,9656811	12,93154847
0	8,58E-05	0	0,001902749	-18,9530725	12,8386901
0	8,55E-05	0	0,001834607	-18,89002386	12,37532457
0	8,54E-05	0	0,001817123	-18,87381219	12,25643622
0	8,51E-05	0	0,00173996	-18,80154095	11,72771127
0	8,51E-05	0	0,001731857	-18,79354862	11,66936878
0	8,49E-05	0	0,001691393	-18,75358551	11,37802846
0	8,47E-05	0	0,001646964	-18,70960544	11,05814085
0	8,43E-05	0	0,001562451	-18,62565141	10,44964931
1,84E-05	8,40E-05	0	0,00148442	-16,70102825	9,894055336
3,04E-05	8,37E-05	0	0,001425558	-15,38121583	9,493793756
3,92E-05	8,35E-05	0	0,001376716	-14,21782207	9,161671864
5,08E-05	8,33E-05	0	0,001338134	-12,7301237	8,899310364
6,48E-05	8,32E-05	0	0,001312217	-10,93929216	8,723076415
8,12E-05	8,32E-05	0	0,001301559	-8,842965338	8,650601814
0,000100115	8,32E-05	0	0,001309157	-6,410925043	8,702264251
0,000119019	8,33E-05	0	0,001335337	-3,914681571	8,880292185
0,00013562	8,35E-05	0	0,001379518	-1,617104247	9,180723337
0,000149893	8,38E-05	0	0,001438863	0,445948917	9,584266138
0,000160383	8,41E-05	0	0,001510398	2,087222641	10,0748623
0,000167261	8,44E-05	0	0,001590231	3,304944458	10,64966527
0,00017115	8,48E-05	0	0,001675023	4,154149671	11,26016231
0,000172676	8,52E-05	0	0,001762086	4,70066278	11,88218357
0,000172408	8,56E-05	0	0,001849357	5,010694314	12,47563001
0,000170843	8,59E-05	0	0,00193531	5,139836656	13,06010835
0,000170426	8,60E-05	0	0,001951731	5,124180254	13,17177004
0,000170426	8,60E-05	0	0,001951731	5,124180254	13,17177004
0,000168402	8,63E-05	0	0,002018879	5,128002948	13,56796456
0,000166052	8,64E-05	0	0,002084102	5,086045848	13,80276802
0,000165464	8,64E-05	0	0,002099491	5,060217026	13,85816934
0,000162624	8,66E-05	0	0,002176986	4,982571428	14,13715006
0,000160305	8,68E-05	0	0,002251722	4,928463668	14,40619934
0,000158544	8,69E-05	0	0,002324257	4,902317546	14,66732664
0,000157303	8,71E-05	0,385016665	0,00239514	5,2960999	14,92250422
0,000156506	8,72E-05	0,763059844	0,002464858	5,703094207	15,17348889
0,00015606	8,74E-05	1,092634028	0,002533797	6,060764984	15,51629801
0,000155762	8,77E-05	1,417369197	0,002602139	6,401812861	15,95368985
0,00015529	8,80E-05	1,709403671	0,002669863	6,676477082	16,38712608
0,000154452	8,82E-05	1,991781583	0,002736679	6,890494603	16,81474699
0,000153225	8,85E-05	2,245599904	0,002802209	7,024936048	17,234135
0,000151638	8,87E-05	2,341122421	0,00286608	6,95437583	17,642914
0,00014974	8,89E-05	2,42916948	0,002927966	6,840014548	18,03898227
0,000147582	8,92E-05	2,509196317	0,002987589	6,688911841	18,42056835
0,000145215	8,94E-05	2,583094601	0,003044724	6,507579363	18,78623308
0,000142692	8,96E-05	2,785599646	0,003099199	6,43655192	19,13487261
0,000140064	8,98E-05	3,056157941	0,003150894	6,418951573	19,46572466
0,000137439	9,00E-05	3,312286137	0,003199742	6,377743296	19,77834561
0,000135011	9,01E-05	3,555544542	0,003245912	6,336419547	20,07383675
0,000132579	9,03E-05	3,789440834	0,003289483	6,279661104	20,35269074
0,00013016	9,05E-05	4,018208813	0,003330469	6,214005038	20,61500315
0,000127765	9,06E-05	4,242752399	0,0033689	6,141911338	20,86095728
0,000125403	9,07E-05	4,462838951	0,003404812	6,064319238	21,09079922
0,000123079	9,09E-05	4,688463002	0,003438253	5,992165376	21,30482013
0,0001208	9,10E-05	4,973349333	0,003469272	5,979882006	21,50334363
0,000118556	9,11E-05	5,242676471	0,003497921	5,95031385	21,6866927
0,00011631	9,12E-05	5,499234227	0,003524227	5,902674294	21,85505366
0,000114042	9,13E-05	5,744230612	0,003548183	5,836855804	22,00837164
0,000111761	9,13E-05	5,978220437	0,003569779	5,754928842	22,14658386
0,000109483	9,14E-05	6,201516825	0,003589019	5,659156539	22,26971877
0,000107228	9,15E-05	6,414399035	0,003605924	5,551839063	22,37791278
0,00010501	9,15E-05	6,617108255	0,003620533	5,435231336	22,47141141
0,000103173	9,16E-05	6,808416009	0,003633064	5,342578152	22,55160743
0,000101393	9,16E-05	6,986927543	0,003643743	5,240528887	22,61995519
9,97E-05	9,17E-05	7,153157401	0,003652639	5,130643474	22,67688673
9,80E-05	9,17E-05	7,307838795	0,003659823	5,014380213	22,72286952
9,65E-05	9,17E-05	7,444041675	0,003665374	4,885400723	22,75839508
9,50E-05	9,17E-05	7,56403368	0,00366937	4,746524293	22,78397079
9,35E-05	9,17E-05	7,672257055	0,003671893	4,602866272	22,80011338
9,22E-05	9,17E-05	7,768968864	0,003673022	4,454923662	22,80734368
9,09E-05	9,17E-05	7,854200097	0,003672841	4,302953444	22,80618241
8,97E-05	9,17E-05	7,928185101	0,003671429	4,147221543	22,79714348
8,86E-05	9,17E-05	7,992010711	0,003668855	3,986460456	22,78067047
8,74E-05	9,17E-05	8,04598821	0,003665157	3,819022626	22,75700556
8,64E-05	9,17E-05	8,090518475	0,003660368	3,645855563	22,72635567
8,53E-05	9,17E-05	8,126268015	0,003654526	3,468496404	22,68896402
8,43E-05	9,16E-05	8,153807899	0,003647675	3,288462028	22,64512144
8,33E-05	9,16E-05	8,173457305	0,00363987	3,107004832	22,59516862
8,24E-05	9,16E-05	8,185596244	0,003631171	2,925391955	22,53949431
8,16E-05	9,15E-05	8,190635329	0,003621645	2,744836923	22,47853078
8,09E-05	9,15E-05	8,188962187	0,003611367	2,566421939	22,41274752
8,02E-05	9,15E-05	8,180889126	0,003600413	2,391032793	22,34264381
7,96E-05	9,14E-05	8,166695828	0,003588866	2,219399002	22,26874068
7,91E-05	9,14E-05	8,146670418	0,003576808	2,052137255	22,19157293
7,87E-05	9,13E-05	8,121101506	0,003564325	1,889747722	22,11168131
7,83E-05	9,13E-05	8,09028631	0,003551501	1,732629858	22,02960522
7,80E-05	9,12E-05	8,054543489	0,003538418	1,581105232	21,94587607
7,79E-05	9,12E-05	8,01420962	0,003525158	1,435424262	21,86101146
7,77E-05	9,11E-05	7,969637796	0,003511798	1,295775692	21,77551009
7,77E-05	9,11E-05	7,921162483	0,003498414	1,162262376	21,68984759
7,77E-05	9,10E-05	7,868840517	0,003485074	1,034652886	21,60447308
7,78E-05	9,10E-05	7,813447017	0,003471845	0,913395515	21,51980657
7,80E-05	9,09E-05	7,755410052	0,003458787	0,798548087	21,43623701
7,82E-05	9,09E-05	7,695171106	0,003445956	0,690145131	21,35412103
7,84E-05	9,08E-05	7,633181479	0,003433403	0,588209475	21,27378222
7,87E-05	9,08E-05	7,569897903	0,003421174	0,492751938	21,19551096
7,91E-05	9,08E-05	7,505778249	0,003409307	0,403772217	21,11956462
7,94E-05	9,07E-05	7,441277368	0,003397839	0,321259292	21,04616817
7,99E-05	9,07E-05	7,376850175	0,003386799	0,245198393	20,97551508
8,03E-05	9,06E-05	7,312943036	0,003376214	0,17556561	20,90776845
8,07E-05	9,06E-05	7,249976468	0,003366103	0,112313046	20,84306233
8,12E-05	9,06E-05	7,188346839	0,003356485	0,055373291	20,78150322
8,17E-05	9,05E-05	7,128428034	0,003347371	0,004663441	20,7231716
8,21E-05	9,05E-05	7,070566314	0,003338769	-0,03991837	20,66812363
8,26E-05	9,05E-05	7,015077387	0,003330686	-0,078494318	20,61639276
8,31E-05	9,04E-05	6,962244071	0,003323124	-0,111207794	20,56799151
8,36E-05	9,04E-05	6,912314383	0,00331608	-0,138224044	20,52291307
8,41E-05	9,04E-05	6,865499831	0,003309552	-0,159730721	20,48113304
8,46E-05	9,04E-05	6,821974625	0,003303533	-0,175937629	20,44261104
8,51E-05	9,03E-05	6,781875975	0,003298014	-0,187075456	20,40729225
8,55E-05	9,03E-05	6,7453045	0,003292986	-0,193394517	20,37510899
8,60E-05	9,03E-05	6,712324848	0,003288435	-0,195163387	20,34598218
8,64E-05	9,03E-05	6,682966912	0,003284347	-0,192667032	20,31982269
8,69E-05	9,03E-05	6,657227437	0,003280708	-0,186204637	20,29653275
8,73E-05	9,03E-05	6,635071984	0,003277501	-0,176087206	20,27600713
8,77E-05	9,02E-05	6,616437171	0,003274709	-0,162634965	20,25813441
8,80E-05	9,02E-05	6,601233183	0,003272312	-0,146174633	20,24279801
8,84E-05	9,02E-05	6,589346452	0,003270293	-0,127036637	20,22987735
8,87E-05	9,02E-05	6,580642423	0,003268633	-0,10555235	20,21924871
8,91E-05	9,02E-05	6,5749684	0,00326731	-0,082051382	20,21078625
8,94E-05	9,02E-05	6,572156403	0,003266307	-0,056858954	20,20436277
8,97E-05	9,02E-05	6,572026015	0,003265602	-0,030293416	20,19985053
8,99E-05	9,02E-05	6,574387138	0,003265175	-0,002663941	20,19712198
9,02E-05	9,02E-05	6,579042661	0,003265008	0,025731574	20,19605037
9,04E-05	9,02E-05	6,585790973	0,00326508	0,054608386	20,1965104
9,06E-05	9,02E-05	6,594428319	0,003265372	0,083696524	20,19837871
9,08E-05	9,02E-05	6,604750974	0,003265865	0,112742168	20,2015344
9,10E-05	9,02E-05	6,616557213	0,003266541	0,141508762	20,20585944
9,11E-05	9,02E-05	6,62964908	0,003267381	0,169777874	20,2112391
9,13E-05	9,02E-05	6,643833943	0,003268368	0,197062321	20,21755594
9,14E-05	9,02E-05	6,658925839	0,00326948	0,222900817	20,22467271
9,15E-05	9,02E-05	6,674746609	0,003270695	0,247180374	20,23245109
9,16E-05	9,02E-05	6,691126836	0,003271994	0,269901262	20,24076474
9,16E-05	9,02E-05	6,707906582	0,00327336	0,291093201	20,24950188
9,17E-05	9,02E-05	6,724935961	0,003274776	0,310795793	20,25856523
9,17E-05	9,03E-05	6,742075529	0,00327623	0,329049671	20,26787098
9,18E-05	9,03E-05	6,75919653	0,003277711	0,345891671	20,27734756
9,18E-05	9,03E-05	6,776178456	0,003279208	0,361349898	20,28693407
9,18E-05	9,03E-05	6,792900062	0,003280715	0,375434145	20,29657878
9,18E-05	9,03E-05	6,809242543	0,003282225	0,388139968	20,30623764
9,18E-05	9,03E-05	6,825102213	0,00328373	0,399463321	20,31587296
9,18E-05	9,03E-05	6,84039252	0,003285227	0,409404331	20,3254522
9,18E-05	9,03E-05	6,855042509	0,00328671	0,417967603	20,33494699
9,18E-05	9,03E-05	6,86899555	0,003288177	0,425162898	20,34433228
9,17E-05	9,03E-05	6,882208104	0,003289623	0,431005747	20,3535857
9,17E-05	9,03E-05	6,894648419	0,003291045	0,435517794	20,36268705
9,17E-05	9,03E-05	6,906295416	0,00329244	0,438727078	20,37161792
9,17E-05	9,03E-05	6,917138011	0,003293806	0,440668495	20,38036145
9,16E-05	9,03E-05	6,927174165	0,003295141	0,441383713	20,38890209
9,16E-05	9,03E-05	6,936409348	0,003296441	0,440920263	20,39722554
9,16E-05	9,03E-05	6,944855128	0,003297706	0,43933055	20,40531869
9,15E-05	9,03E-05	6,952527989	0,003298933	0,436670961	20,41316955
9,15E-05	9,03E-05	6,959448323	0,00330012	0,433000997	20,42076726
9,15E-05	9,03E-05	6,965639561	0,003301266	0,428382451	20,42810214
9,14E-05	9,04E-05	6,971127432	0,00330237	0,42287864	20,43516562
9,14E-05	9,04E-05	6,975939334	0,00330343	0,416553698	20,44195032
9,14E-05	9,04E-05	6,980103777	0,003304445	0,40947191	20,44845001
9,13E-05	9,04E-05	6,983649916	0,003305416	0,401697126	20,45465964
9,13E-05	9,04E-05	6,986607195	0,00330634	0,393292279	20,46057528
9,12E-05	9,04E-05	6,98900507	0,003307218	0,384318997	20,46619418
9,12E-05	9,04E-05	6,990872803	0,003308049	0,37483729	20,47151464
9,11E-05	9,04E-05	6,992239297	0,003308834	0,364905307	20,47653606
9,11E-05	9,04E-05	6,993132988	0,003309572	0,354579152	20,48125888
9,11E-05	9,04E-05	6,993581749	0,003310263	0,343912741	20,48568447
9,10E-05	9,04E-05	6,99361284	0,003310909	0,332957721	20,48981517
9,10E-05	9,04E-05	6,993252858	0,003311508	0,321763405	20,49365416
9,09E-05	9,04E-05	6,992527722	0,003312063	0,310302703	20,49720383
9,09E-05	9,04E-05	6,991462654	0,003312572	0,298534218	20,50046092
9,08E-05	9,04E-05	6,990082169	0,003313034	0,286489278	20,50342015
9,08E-05	9,04E-05	6,988410078	0,00331345	0,274225554	20,50607755
9,07E-05	9,04E-05	6,98646948	0,003313817	0,261805788	20,50843127
9,07E-05	9,04E-05	6,984282766	0,003314138	0,249293775	20,51048187
9,06E-05	9,04E-05	6,981871615	0,003314411	0,236752275	20,5122323
9,06E-05	9,04E-05	6,979257001	0,003314639	0,22424155	20,51368789
9,06E-05	9,04E-05	6,97645852	0,003314821	0,21181763	20,51485615
9,05E-05	9,04E-05	6,973491927	0,00331496	0,199529121	20,51574659
9,05E-05	9,04E-05	6,970369455	0,003315058	0,187417127	20,51637047
9,04E-05	9,04E-05	6,967102916	0,003315116	0,175518239	20,51674056
9,04E-05	9,04E-05	6,963704582	0,003315136	0,163865337	20,51687082
9,04E-05	9,04E-05	6,960187113	0,003315121	0,152487538	20,51677621
9,03E-05	9,04E-05	6,956563549	0,003315074	0,141410315	20,51647239
9,03E-05	9,04E-05	6,952847313	0,003314996	0,130655714	20,51597547
9,03E-05	9,04E-05	6,949052166	0,003314891	0,120242579	20,51530186
9,03E-05	9,04E-05	6,945192203	0,003314761	0,110186831	20,51446799
9,02E-05	9,04E-05	6,941281926	0,003314608	0,100501858	20,51349021
9,02E-05	9,04E-05	6,937336252	0,003314435	0,091198824	20,51238461
9,02E-05	9,04E-05	6,933370344	0,003314245	0,082286799	20,5111669
9,02E-05	9,04E-05	6,929399423	0,003314039	0,073772859	20,50985228
9,02E-05	9,04E-05	6,925438598	0,003313821	0,065662198	20,50845539
9,02E-05	9,04E-05	6,921502718	0,003313592	0,05795823	20,50699022
9,02E-05	9,04E-05	6,917606228	0,003313355	0,050662693	20,50547008
9,01E-05	9,04E-05	6,913763033	0,003313111	0,043775732	20,50390751
9,01E-05	9,04E-05	6,909986382	0,003312862	0,037295985	20,50231431
9,01E-05	9,04E-05	6,906288753	0,00331261	0,031220649	20,50070149
9,01E-05	9,04E-05	6,902681756	0,003312356	0,025545551	20,4990793
9,01E-05	9,04E-05	6,899176052	0,003312103	0,020265212	20,49745718
9,01E-05	9,04E-05	6,895781297	0,003311851	0,015372927	20,49584381
9,01E-05	9,04E-05	6,892506103	0,003311601	0,010860842	20,49424711
9,01E-05	9,04E-05	6,889358011	0,003311355	0,006720036	20,49267424
9,01E-05	9,04E-05	6,886343484	0,003311114	0,002940604	20,49113167
9,02E-05	9,04E-05	6,883467912	0,003310879	-0,000488257	20,48962516
9,02E-05	9,04E-05	6,880735625	0,00331065	-0,003578157	20,48815981
9,02E-05	9,04E-05	6,878149923	0,003310428	-0,006341423	20,48674006
9,02E-05	9,04E-05	6,87571311	0,003310214	-0,008791006	20,48536978
9,02E-05	9,04E-05	6,873426542	0,003310008	-0,010940391	20,48405222
9,02E-05	9,04E-05	6,871290674	0,003309811	-0,012803499	20,48279011
9,02E-05	9,04E-05	6,869305117	0,003309623	-0,014394603	20,48158566
9,02E-05	9,04E-05	6,867468695	0,003309444	-0,015728236	20,48044059
9,02E-05	9,04E-05	6,86577951	0,003309274	-0,016819105	20,47935618
9,02E-05	9,04E-05	6,864235	0,003309115	-0,017682006	20,47833328
9,02E-05	9,04E-05	6,862832006	0,003308964	-0,018331753	20,47737234
9,02E-05	9,04E-05	6,861566831	0,003308824	-0,018783092	20,47647347
9,03E-05	9,04E-05	6,860435307	0,003308693	-0,019050642	20,47563643
9,03E-05	9,04E-05	6,859432852	0,003308572	-0,019148822	20,47486068
9,03E-05	9,04E-05	6,858554531	0,00330846	-0,019091797	20,47414542
9,03E-05	9,04E-05	6,85779511	0,003308358	-0,01889342	20,47348957
9,03E-05	9,04E-05	6,857149112	0,003308264	-0,018567183	20,47289185
9,03E-05	9,04E-05	6,856610868	0,00330818	-0,018126175	20,47235077
9,03E-05	9,04E-05	6,856174565	0,003308104	-0,017583044	20,47186467
9,03E-05	9,04E-05	6,855834289	0,003308036	-0,016949959	20,47143172
9,03E-05	9,04E-05	6,855584071	0,003307977	-0,016238589	20,47104998
9,03E-05	9,04E-05	6,855417921	0,003307925	-0,015460072	20,4707174
9,03E-05	9,04E-05	6,85532987	0,00330788	-0,014625004	20,47043181
9,03E-05	9,04E-05	6,855313995	0,003307842	-0,01374342	20,47019099
9,03E-05	9,04E-05	6,855364454	0,003307811	-0,012824782	20,46999266
9,04E-05	9,04E-05	6,855475512	0,003307787	-0,011877981	20,4698345
9,04E-05	9,04E-05	6,855641561	0,003307768	-0,010911326	20,46971416
9,04E-05	9,04E-05	6,855857147	0,003307755	-0,009932551	20,46962928
9,04E-05	9,04E-05	6,856116981	0,003307746	-0,008948815	20,46957751
9,04E-05	9,04E-05	6,856415962	0,003307743	-0,007966712	20,46955651
9,04E-05	9,04E-05	6,856749185	0,003307744	-0,006992281	20,46956396
9,04E-05	9,04E-05	6,857111954	0,00330775	-0,006031013	20,46959759
9,04E-05	9,04E-05	6,857499793	0,003307759	-0,005087873	20,46965514
9,04E-05	9,04E-05	6,857908448	0,003307771	-0,004167306	20,46973444
9,04E-05	9,04E-05	6,858333898	0,003307786	-0,003273265	20,46983337
9,04E-05	9,04E-05	6,858772354	0,003307805	-0,002409222	20,46994986
9,04E-05	9,04E-05	6,859220264	0,003307825	-0,00157819	20,47008193
9,04E-05	9,04E-05	6,85967431	0,003307848	-0,000782744	20,47022766
9,04E-05	9,04E-05	6,86013141	0,003307873	-2,50E-05	20,47038523
9,04E-05	9,04E-05	6,860588715	0,003307899	0,000693146	20,47055287
9,04E-05	9,04E-05	6,861043603	0,003307926	0,001370432	20,47072893
9,04E-05	9,04E-05	6,861493681	0,003307955	0,002005771	20,47091183
9,04E-05	9,04E-05	6,861936771	0,003307984	0,002598446	20,47110009
9,04E-05	9,04E-05	6,862370914	0,003308014	0,003148045	20,4712923
9,04E-05	9,04E-05	6,862794354	0,003308045	0,003654435	20,47148715
9,04E-05	9,04E-05	6,863205537	0,003308076	0,004117743	20,47168344
9,04E-05	9,04E-05	6,863603101	0,003308106	0,004538336	20,47188001
9,04E-05	9,04E-05	6,863985869	0,003308137	0,004916795	20,47207584
9,04E-05	9,04E-05	6,864352838	0,003308167	0,005253896	20,47226997
9,04E-05	9,04E-05	6,864703172	0,003308197	0,00555059	20,47246151
9,04E-05	9,04E-05	6,865036195	0,003308227	0,005807987	20,47264969
9,04E-05	9,04E-05	6,865351378	0,003308255	0,00602733	20,47283379
9,04E-05	9,04E-05	6,865648333	0,003308283	0,006209983	20,47301318
9,04E-05	9,04E-05	6,865926801	0,003308311	0,006357412	20,47318729
9,04E-05	9,04E-05	6,866186647	0,003308337	0,006471169	20,47335564
9,04E-05	9,04E-05	6,866427846	0,003308362	0,006552875	20,47351782
9,04E-05	9,04E-05	6,86665048	0,003308386	0,006604208	20,47367345
9,04E-05	9,04E-05	6,866854721	0,00330841	0,006626886	20,47382226
9,04E-05	9,04E-05	6,867040833	0,003308432	0,006622659	20,47396401
9,04E-05	9,04E-05	6,867209153	0,003308453	0,006593291	20,47409852
9,04E-05	9,04E-05	6,867360092	0,003308473	0,006540554	20,47422566
9,04E-05	9,04E-05	6,867494122	0,003308491	0,006466216	20,47434535
9,04E-05	9,04E-05	6,867611768	0,003308509	0,00637203	20,47445756
9,04E-05	9,04E-05	6,867713605	0,003308525	0,006259729	20,4745623
9,04E-05	9,04E-05	6,867800248	0,003308541	0,006131014	20,47465961
9,04E-05	9,04E-05	6,867872345	0,003308555	0,00598755	20,47474957
9,04E-05	9,04E-05	6,867930573	0,003308568	0,005830961	20,47483229
9,04E-05	9,04E-05	6,867975632	0,003308579	0,00566282	20,47490792
9,04E-05	9,04E-05	6,868008238	0,00330859	0,005484648	20,47497662
9,04E-05	9,04E-05	6,868029117	0,0033086	0,005297907	20,47503859
9,04E-05	9,04E-05	6,868039004	0,003308608	0,005104002	20,47509402
9,04E-05	9,04E-05	6,868038635	0,003308616	0,004904271	20,47514315
9,04E-05	9,04E-05	6,868028745	0,003308623	0,004699986	20,47518622
9,04E-05	9,04E-05	6,868010063	0,003308629	0,004492354	20,47522348
9,04E-05	9,04E-05	6,867983309	0,003308634	0,00428251	20,4752552
9,04E-05	9,04E-05	6,867949191	0,003308638	0,004071522	20,47528165
9,04E-05	9,04E-05	6,867908401	0,003308641	0,003860386	20,47530311
9,04E-05	9,04E-05	6,867861615	0,003308644	0,003650027	20,47531985
9,04E-05	9,04E-05	6,867809489	0,003308646	0,003441303	20,47533217
9,04E-05	9,04E-05	6,867752656	0,003308647	0,003235002	20,47534035
9,04E-05	9,04E-05	6,867691729	0,003308648	0,003031844	20,47534467
9,04E-05	9,04E-05	6,867627292	0,003308648	0,002832482	20,47534542
9,04E-05	9,04E-05	6,867559907	0,003308647	0,002637504	20,47534287
9,04E-05	9,04E-05	6,867490106	0,003308646	0,002447437	20,47533729
9,04E-05	9,04E-05	6,867418396	0,003308645	0,002262745	20,47532896
9,04E-05	9,04E-05	6,867345254	0,003308643	0,002083832	20,47531813
9,04E-05	9,04E-05	6,86727113	0,003308641	0,001911049	20,47530505
9,04E-05	9,04E-05	6,867196445	0,003308639	0,001744689	20,47528998
9,04E-05	9,04E-05	6,867121591	0,003308636	0,001584997	20,47527314
9,04E-05	9,04E-05	6,867046932	0,003308634	0,001432165	20,47525477
9,04E-05	9,04E-05	6,866972804	0,00330863	0,001286343	20,47523507
9,04E-05	9,04E-05	6,866899514	0,003308627	0,001147633	20,47521426
9,04E-05	9,04E-05	6,866827344	0,003308624	0,001016099	20,47519253
9,04E-05	9,04E-05	6,866756548	0,00330862	0,000891767	20,47517007
9,04E-05	9,04E-05	6,866687353	0,003308617	0,000774624	20,47514705
9,04E-05	9,04E-05	6,866619965	0,003308613	0,000664629	20,47512363
9,04E-05	9,04E-05	6,866554561	0,003308609	0,000561707	20,47509997
9,04E-05	9,04E-05	6,866491298	0,003308606	0,000465758	20,47507621
9,04E-05	9,04E-05	6,86643031	0,003308602	0,000376656	20,47505248
9,04E-05	9,04E-05	6,866371708	0,003308598	0,000294251	20,4750289
9,04E-05	9,04E-05	6,866315586	0,003308595	0,000218377	20,47500558
9,04E-05	9,04E-05	6,866262016	0,003308591	0,000148845	20,47498262
9,04E-05	9,04E-05	6,866211053	0,003308588	8,55E-05	20,47496012
9,04E-05	9,04E-05	6,866162735	0,003308584	2,80E-05	20,47493815
9,04E-05	9,04E-05	6,866117085	0,003308581	-2,38E-05	20,47491678
9,04E-05	9,04E-05	6,86607411	0,003308578	-7,01E-05	20,47489608
9,04E-05	9,04E-05	6,866033803	0,003308574	-0,00011115	20,47487611
9,04E-05	9,04E-05	6,865996147	0,003308571	-0,000147256	20,47485691
9,04E-05	9,04E-05	6,86596111	0,003308569	-0,000178644	20,47483851
9,04E-05	9,04E-05	6,865928652	0,003308566	-0,000205567	20,47482096
9,04E-05	9,04E-05	6,865898722	0,003308563	-0,000228284	20,47480427
9,04E-05	9,04E-05	6,865871262	0,003308561	-0,00024705	20,47478847
9,04E-05	9,04E-05	6,865846206	0,003308558	-0,000262121	20,47477356
9,04E-05	9,04E-05	6,865823479	0,003308556	-0,000273748	20,47475955
9,04E-05	9,04E-05	6,865803004	0,003308554	-0,00028218	20,47474645
9,04E-05	9,04E-05	6,865784697	0,003308552	-0,000287661	20,47473425
9,04E-05	9,04E-05	6,865768469	0,00330855	-0,00029043	20,47472295
9,04E-05	9,04E-05	6,865754231	0,003308549	-0,000290719	20,47471252
9,04E-05	9,04E-05	6,865741886	0,003308547	-0,000288753	20,47470297
9,04E-05	9,04E-05	6,865731341	0,003308546	-0,000284751	20,47469426
9,04E-05	9,04E-05	6,865722498	0,003308545	-0,000278924	20,47468637
9,04E-05	9,04E-05	6,865715258	0,003308544	-0,000271472	20,47467929
9,04E-05	9,04E-05	6,865709524	0,003308543	-0,00026259	20,47467298
9,04E-05	9,04E-05	6,865705198	0,003308542	-0,000252462	20,47466742
9,04E-05	9,04E-05	6,865702182	0,003308541	-0,000241263	20,47466258
9,04E-05	9,04E-05	6,865700381	0,00330854	-0,000229159	20,47465843
9,04E-05	9,04E-05	6,865699701	0,00330854	-0,000216307	20,47465492
9,04E-05	9,04E-05	6,86570005	0,003308539	-0,000202853	20,47465204
9,04E-05	9,04E-05	6,865701337	0,003308539	-0,000188936	20,47464974
9,04E-05	9,04E-05	6,865703474	0,003308539	-0,000174684	20,474648
9,04E-05	9,04E-05	6,865706377	0,003308539	-0,000160217	20,47464677
9,04E-05	9,04E-05	6,865709965	0,003308538	-0,000145645	20,47464602
9,04E-05	9,04E-05	6,865714158	0,003308538	-0,000131068	20,47464573
9,04E-05	9,04E-05	6,865718882	0,003308538	-0,00011658	20,47464584
9,04E-05	9,04E-05	6,865724064	0,003308538	-0,000102265	20,47464634
9,04E-05	9,04E-05	6,865729635	0,003308539	-8,82E-05	20,47464719
9,04E-05	9,04E-05	6,865735532	0,003308539	-7,44E-05	20,47464836
9,04E-05	9,04E-05	6,865741694	0,003308539	-6,11E-05	20,47464981
9,04E-05	9,04E-05	6,865748061	0,003308539	-4,81E-05	20,47465152
9,04E-05	9,04E-05	6,865754582	0,00330854	-3,57E-05	20,47465345
9,04E-05	9,04E-05	6,865761205	0,00330854	-2,37E-05	20,47465559
9,04E-05	9,04E-05	6,865767884	0,00330854	-1,23E-05	20,47465789
9,04E-05	9,04E-05	6,865774576	0,003308541	-1,50E-06	20,47466035
9,04E-05	9,04E-05	6,865781242	0,003308541	8,73E-06	20,47466292
9,04E-05	9,04E-05	6,865787845	0,003308541	1,83E-05	20,4746656
9,04E-05	9,04E-05	6,865794352	0,003308542	2,73E-05	20,47466835
9,04E-05	9,04E-05	6,865800734	0,003308542	3,57E-05	20,47467116
9,04E-05	9,04E-05	6,865806964	0,003308543	4,34E-05	20,47467401
9,04E-05	9,04E-05	6,865813019	0,003308543	5,05E-05	20,47467687
9,04E-05	9,04E-05	6,865818879	0,003308544	5,69E-05	20,47467975
9,04E-05	9,04E-05	6,865824526	0,003308544	6,28E-05	20,47468261
9,04E-05	9,04E-05	6,865829943	0,003308545	6,80E-05	20,47468544
9,04E-05	9,04E-05	6,86583512	0,003308545	7,26E-05	20,47468824
9,04E-05	9,04E-05	6,865840045	0,003308545	7,67E-05	20,47469099
9,04E-05	9,04E-05	6,86584471	0,003308546	8,02E-05	20,47469368
9,04E-05	9,04E-05	6,865849109	0,003308546	8,31E-05	20,4746963
9,04E-05	9,04E-05	6,865853239	0,003308547	8,55E-05	20,47469884
9,04E-05	9,04E-05	6,865857096	0,003308547	8,74E-05	20,4747013
9,04E-05	9,04E-05	6,865860681	0,003308547	8,89E-05	20,47470366
9,04E-05	9,04E-05	6,865863995	0,003308548	8,99E-05	20,47470594
9,04E-05	9,04E-05	6,865867039	0,003308548	9,04E-05	20,47470811
9,04E-05	9,04E-05	6,865869817	0,003308548	9,06E-05	20,47471018
9,04E-05	9,04E-05	6,865872335	0,003308549	9,04E-05	20,47471214
9,04E-05	9,04E-05	6,865874597	0,003308549	8,99E-05	20,47471399
9,04E-05	9,04E-05	6,865876612	0,003308549	8,90E-05	20,47471574
9,04E-05	9,04E-05	6,865878386	0,00330855	8,78E-05	20,47471738
9,04E-05	9,04E-05	6,865879928	0,00330855	8,64E-05	20,47471891
9,04E-05	9,04E-05	6,865881247	0,00330855	8,47E-05	20,47472032
9,04E-05	9,04E-05	6,865882352	0,00330855	8,28E-05	20,47472164
9,04E-05	9,04E-05	6,865883253	0,00330855	8,07E-05	20,47472284
9,04E-05	9,04E-05	6,86588396	0,003308551	7,84E-05	20,47472394
9,04E-05	9,04E-05	6,865884484	0,003308551	7,59E-05	20,47472495
9,04E-05	9,04E-05	6,865884836	0,003308551	7,34E-05	20,47472585
9,04E-05	9,04E-05	6,865885025	0,003308551	7,07E-05	20,47472666
9,04E-05	9,04E-05	6,865885064	0,003308551	6,79E-05	20,47472737
9,04E-05	9,04E-05	6,865884962	0,003308551	6,51E-05	20,474728
9,04E-05	9,04E-05	6,86588473	0,003308551	6,22E-05	20,47472854
9,04E-05	9,04E-05	6,865884379	0,003308551	5,93E-05	20,474729
9,04E-05	9,04E-05	6,86588392	0,003308551	5,63E-05	20,47472939
9,04E-05	9,04E-05	6,865883361	0,003308552	5,33E-05	20,4747297
9,04E-05	9,04E-05	6,865882714	0,003308552	5,04E-05	20,47472994
9,04E-05	9,04E-05	6,865881988	0,003308552	4,75E-05	20,47473012
9,04E-05	9,04E-05	6,865881192	0,003308552	4,46E-05	20,47473024
9,04E-05	9,04E-05	6,865880335	0,003308552	4,17E-05	20,4747303
9,04E-05	9,04E-05	6,865879425	0,003308552	3,89E-05	20,47473031
9,04E-05	9,04E-05	6,865878472	0,003308552	3,61E-05	20,47473027
9,04E-05	9,04E-05	6,865877482	0,003308552	3,35E-05	20,47473019
9,04E-05	9,04E-05	6,865876463	0,003308552	3,08E-05	20,47473007
9,04E-05	9,04E-05	6,865875423	0,003308552	2,83E-05	20,47472991
9,04E-05	9,04E-05	6,865874367	0,003308552	2,59E-05	20,47472972
9,04E-05	9,04E-05	6,865873302	0,003308551	2,35E-05	20,47472949
9,04E-05	9,04E-05	6,865872234	0,003308551	2,13E-05	20,47472925
9,04E-05	9,04E-05	6,865871168	0,003308551	1,91E-05	20,47472898
9,04E-05	9,04E-05	6,865870109	0,003308551	1,71E-05	20,47472869
9,04E-05	9,04E-05	6,865869061	0,003308551	1,51E-05	20,47472839
9,04E-05	9,04E-05	6,865868029	0,003308551	1,33E-05	20,47472807
9,04E-05	9,04E-05	6,865867016	0,003308551	1,15E-05	20,47472774
9,04E-05	9,04E-05	6,865866026	0,003308551	9,86E-06	20,4747274
9,04E-05	9,04E-05	6,865865062	0,003308551	8,31E-06	20,47472706
9,04E-05	9,04E-05	6,865864126	0,003308551	6,87E-06	20,47472672
9,04E-05	9,04E-05	6,86586322	0,003308551	5,52E-06	20,47472637
9,04E-05	9,04E-05	6,865862347	0,003308551	4,28E-06	20,47472602
9,04E-05	9,04E-05	6,865861509	0,003308551	3,12E-06	20,47472568
9,04E-05	9,04E-05	6,865860705	0,003308551	2,06E-06	20,47472534
9,04E-05	9,04E-05	6,865859939	0,003308551	1,10E-06	20,474725
9,04E-05	9,04E-05	6,86585921	0,003308551	2,16E-07	20,47472467
9,04E-05	9,04E-05	6,865858519	0,003308551	-5,80E-07	20,47472435
9,04E-05	9,04E-05	6,865857867	0,003308551	-1,29E-06	20,47472404
9,04E-05	9,04E-05	6,865857253	0,003308551	-1,93E-06	20,47472374
9,04E-05	9,04E-05	6,865856678	0,003308551	-2,49E-06	20,47472345
9,04E-05	9,04E-05	6,865856141	0,00330855	-2,98E-06	20,47472317
9,04E-05	9,04E-05	6,865855642	0,00330855	-3,40E-06	20,4747229
9,04E-05	9,04E-05	6,865855179	0,00330855	-3,76E-06	20,47472264
9,04E-05	9,04E-05	6,865854754	0,00330855	-4,06E-06	20,4747224
9,04E-05	9,04E-05	6,865854364	0,00330855	-4,31E-06	20,47472217
9,04E-05	9,04E-05	6,865854008	0,00330855	-4,50E-06	20,47472195
9,04E-05	9,04E-05	6,865853687	0,00330855	-4,64E-06	20,47472175
9,04E-05	9,04E-05	6,865853397	0,00330855	-4,73E-06	20,47472155
9,04E-05	9,04E-05	6,865853139	0,00330855	-4,79E-06	20,47472138
9,04E-05	9,04E-05	6,865852912	0,00330855	-4,80E-06	20,47472121
9,04E-05	9,04E-05	6,865852712	0,00330855	-4,78E-06	20,47472106
9,04E-05	9,04E-05	6,86585254	0,00330855	-4,73E-06	20,47472092
9,04E-05	9,04E-05	6,865852394	0,00330855	-4,65E-06	20,47472079
9,04E-05	9,04E-05	6,865852273	0,00330855	-4,54E-06	20,47472068
9,04E-05	9,04E-05	6,865852174	0,00330855	-4,41E-06	20,47472057
9,04E-05	9,04E-05	6,865852098	0,00330855	-4,26E-06	20,47472048
9,04E-05	9,04E-05	6,865852041	0,00330855	-4,10E-06	20,4747204
9,04E-05	9,04E-05	6,865852004	0,00330855	-3,92E-06	20,47472033
9,04E-05	9,04E-05	6,865851984	0,00330855	-3,72E-06	20,47472027
9,04E-05	9,04E-05	6,86585198	0,00330855	-3,52E-06	20,47472022
9,04E-05	9,04E-05	6,86585199	0,00330855	-3,31E-06	20,47472018
9,04E-05	9,04E-05	6,865852015	0,00330855	-3,09E-06	20,47472014
9,04E-05	9,04E-05	6,865852051	0,00330855	-2,87E-06	20,47472012
9,04E-05	9,04E-05	6,865852098	0,00330855	-2,64E-06	20,4747201
9,04E-05	9,04E-05	6,865852155	0,00330855	-2,42E-06	20,47472009
9,04E-05	9,04E-05	6,865852221	0,00330855	-2,19E-06	20,47472009
9,04E-05	9,04E-05	6,865852295	0,00330855	-1,97E-06	20,47472009
9,04E-05	9,04E-05	6,865852374	0,00330855	-1,75E-06	20,4747201
9,04E-05	9,04E-05	6,86585246	0,00330855	-1,53E-06	20,47472011
9,04E-05	9,04E-05	6,86585255	0,00330855	-1,32E-06	20,47472013
9,04E-05	9,04E-05	6,865852643	0,00330855	-1,11E-06	20,47472015
9,04E-05	9,04E-05	6,86585274	0,00330855	-9,16E-07	20,47472017
9,04E-05	9,04E-05	6,865852838	0,00330855	-7,25E-07	20,4747202
9,04E-05	9,04E-05	6,865852938	0,00330855	-5,42E-07	20,47472023
9,04E-05	9,04E-05	6,865853039	0,00330855	-3,67E-07	20,47472027
9,04E-05	9,04E-05	6,865853139	0,00330855	-2,01E-07	20,4747203
9,04E-05	9,04E-05	6,865853239	0,00330855	-4,42E-08	20,47472034
9,04E-05	9,04E-05	6,865853338	0,00330855	1,03E-07	20,47472038
9,04E-05	9,04E-05	6,865853436	0,00330855	2,42E-07	20,47472042
9,04E-05	9,04E-05	6,865853531	0,00330855	3,70E-07	20,47472046
9,04E-05	9,04E-05	6,865853625	0,00330855	4,89E-07	20,4747205
9,04E-05	9,04E-05	6,865853715	0,00330855	5,99E-07	20,47472054
9,04E-05	9,04E-05	6,865853803	0,00330855	6,99E-07	20,47472059
9,04E-05	9,04E-05	6,865853887	0,00330855	7,89E-07	20,47472063
9,04E-05	9,04E-05	6,865853968	0,00330855	8,71E-07	20,47472067
9,04E-05	9,04E-05	6,865854046	0,00330855	9,44E-07	20,47472071
9,04E-05	9,04E-05	6,865854119	0,00330855	1,01E-06	20,47472075
9,04E-05	9,04E-05	6,865854189	0,00330855	1,06E-06	20,47472079
9,04E-05	9,04E-05	6,865854255	0,00330855	1,11E-06	20,47472083
9,04E-05	9,04E-05	6,865854317	0,00330855	1,15E-06	20,47472086
9,04E-05	9,04E-05	6,865854374	0,00330855	1,18E-06	20,4747209
9,04E-05	9,04E-05	6,865854428	0,00330855	1,21E-06	20,47472093
9,04E-05	9,04E-05	6,865854478	0,00330855	1,23E-06	20,47472097
9,04E-05	9,04E-05	6,865854523	0,00330855	1,24E-06	20,474721
9,04E-05	9,04E-05	6,865854565	0,00330855	1,24E-06	20,47472103
9,04E-05	9,04E-05	6,865854603	0,00330855	1,24E-06	20,47472106
9,04E-05	9,04E-05	6,865854637	0,00330855	1,24E-06	20,47472109
9,04E-05	9,04E-05	6,865854667	0,00330855	1,23E-06	20,47472111
9,04E-05	9,04E-05	6,865854694	0,00330855	1,21E-06	20,47472113
9,04E-05	9,04E-05	6,865854718	0,00330855	1,20E-06	20,47472116
9,04E-05	9,04E-05	6,865854738	0,00330855	1,17E-06	20,47472118
9,04E-05	9,04E-05	6,865854755	0,00330855	1,15E-06	20,4747212
9,04E-05	9,04E-05	6,865854769	0,00330855	1,12E-06	20,47472121
9,04E-05	9,04E-05	6,86585478	0,00330855	1,09E-06	20,47472123
9,04E-05	9,04E-05	6,865854788	0,00330855	1,06E-06	20,47472124
9,04E-05	9,04E-05	6,865854794	0,00330855	1,02E-06	20,47472126
9,04E-05	9,04E-05	6,865854798	0,00330855	9,84E-07	20,47472127
9,04E-05	9,04E-05	6,865854799	0,00330855	9,45E-07	20,47472128
9,04E-05	9,04E-05	6,865854798	0,00330855	9,05E-07	20,47472129
9,04E-05	9,04E-05	6,865854795	0,00330855	8,65E-07	20,4747213
9,04E-05	9,04E-05	6,865854791	0,00330855	8,24E-07	20,4747213
9,04E-05	9,04E-05	6,865854785	0,00330855	7,83E-07	20,47472131
9,04E-05	9,04E-05	6,865854777	0,00330855	7,41E-07	20,47472131
9,04E-05	9,04E-05	6,865854768	0,00330855	6,99E-07	20,47472132
9,04E-05	9,04E-05	6,865854758	0,00330855	6,58E-07	20,47472132
9,04E-05	9,04E-05	6,865854747	0,00330855	6,17E-07	20,47472132
9,04E-05	9,04E-05	6,865854735	0,00330855	5,77E-07	20,47472132
9,04E-05	9,04E-05	6,865854722	0,00330855	5,37E-07	20,47472132
9,04E-05	9,04E-05	6,865854708	0,00330855	4,98E-07	20,47472132
9,04E-05	9,04E-05	6,865854694	0,00330855	4,60E-07	20,47472132
9,04E-05	9,04E-05	6,86585468	0,00330855	4,23E-07	20,47472132
9,04E-05	9,04E-05	6,865854665	0,00330855	3,88E-07	20,47472132
9,04E-05	9,04E-05	6,86585465	0,00330855	3,53E-07	20,47472131
9,04E-05	9,04E-05	6,865854635	0,00330855	3,20E-07	20,47472131
9,04E-05	9,04E-05	6,86585462	0,00330855	2,88E-07	20,47472131
9,04E-05	9,04E-05	6,865854604	0,00330855	2,57E-07	20,4747213
9,04E-05	9,04E-05	6,865854589	0,00330855	2,28E-07	20,4747213
9,04E-05	9,04E-05	6,865854574	0,00330855	2,01E-07	20,47472129
9,04E-05	9,04E-05	6,865854559	0,00330855	1,74E-07	20,47472129
9,04E-05	9,04E-05	6,865854545	0,00330855	1,50E-07	20,47472129
9,04E-05	9,04E-05	6,865854531	0,00330855	1,26E-07	20,47472128
9,04E-05	9,04E-05	6,865854517	0,00330855	1,04E-07	20,47472128
9,04E-05	9,04E-05	6,865854503	0,00330855	8,40E-08	20,47472127
9,04E-05	9,04E-05	6,86585449	0,00330855	6,51E-08	20,47472127
9,04E-05	9,04E-05	6,865854478	0,00330855	4,75E-08	20,47472126
9,04E-05	9,04E-05	6,865854466	0,00330855	3,13E-08	20,47472126
9,04E-05	9,04E-05	6,865854454	0,00330855	1,65E-08	20,47472125
9,04E-05	9,04E-05	6,865854443	0,00330855	2,91E-09	20,47472125
9,04E-05	9,04E-05	6,865854433	0,00330855	-9,38E-09	20,47472124
9,04E-05	9,04E-05	6,865854423	0,00330855	-2,05E-08	20,47472124
9,04E-05	9,04E-05	6,865854414	0,00330855	-3,04E-08	20,47472123
9,04E-05	9,04E-05	6,865854405	0,00330855	-3,92E-08	20,47472123
9,04E-05	9,04E-05	6,865854397	0,00330855	-4,69E-08	20,47472122
9,04E-05	9,04E-05	6,865854389	0,00330855	-5,36E-08	20,47472122
9,04E-05	9,04E-05	6,865854382	0,00330855	-5,93E-08	20,47472121
9,04E-05	9,04E-05	6,865854375	0,00330855	-6,42E-08	20,47472121
9,04E-05	9,04E-05	6,865854369	0,00330855	-6,81E-08	20,47472121
9,04E-05	9,04E-05	6,865854364	0,00330855	-7,13E-08	20,4747212
9,04E-05	9,04E-05	6,865854359	0,00330855	-7,37E-08	20,4747212
9,04E-05	9,04E-05	6,865854354	0,00330855	-7,54E-08	20,4747212
9,04E-05	9,04E-05	6,86585435	0,00330855	-7,65E-08	20,47472119
9,04E-05	9,04E-05	6,865854346	0,00330855	-7,69E-08	20,47472119
9,04E-05	9,04E-05	6,865854343	0,00330855	-7,69E-08	20,47472119
9,04E-05	9,04E-05	6,86585434	0,00330855	-7,63E-08	20,47472119
9,04E-05	9,04E-05	6,865854338	0,00330855	-7,52E-08	20,47472119
9,04E-05	9,04E-05	6,865854336	0,00330855	-7,38E-08	20,47472118
9,04E-05	9,04E-05	6,865854334	0,00330855	-7,20E-08	20,47472118
9,04E-05	9,04E-05	6,865854333	0,00330855	-6,98E-08	20,47472118
9,04E-05	9,04E-05	6,865854332	0,00330855	-6,74E-08	20,47472118
9,04E-05	9,04E-05	6,865854331	0,00330855	-6,48E-08	20,47472118
9,04E-05	9,04E-05	6,865854331	0,00330855	-6,19E-08	20,47472118
9,04E-05	9,04E-05	6,86585433	0,00330855	-5,89E-08	20,47472118
9,04E-05	9,04E-05	6,86585433	0,00330855	-5,57E-08	20,47472118
9,04E-05	9,04E-05	6,865854331	0,00330855	-5,24E-08	20,47472117
9,04E-05	9,04E-05	6,865854331	0,00330855	-4,91E-08	20,47472117
9,04E-05	9,04E-05	6,865854332	0,00330855	-4,56E-08	20,47472117
9,04E-05	9,04E-05	6,865854332	0,00330855	-4,22E-08	20,47472117
9,04E-05	9,04E-05	6,865854333	0,00330855	-3,87E-08	20,47472117
9,04E-05	9,04E-05	6,865854334	0,00330855	-3,53E-08	20,47472117
9,04E-05	9,04E-05	6,865854335	0,00330855	-3,19E-08	20,47472117
9,04E-05	9,04E-05	6,865854337	0,00330855	-2,85E-08	20,47472117
9,04E-05	9,04E-05	6,865854338	0,00330855	-2,52E-08	20,47472117
9,04E-05	9,04E-05	6,865854339	0,00330855	-2,20E-08	20,47472117
9,04E-05	9,04E-05	6,865854341	0,00330855	-1,89E-08	20,47472117
9,04E-05	9,04E-05	6,865854342	0,00330855	-1,59E-08	20,47472117
9,04E-05	9,04E-05	6,865854344	0,00330855	-1,30E-08	20,47472118
9,04E-05	9,04E-05	6,865854345	0,00330855	-1,02E-08	20,47472118
9,04E-05	9,04E-05	6,865854347	0,00330855	-7,59E-09	20,47472118
9,04E-05	9,04E-05	6,865854348	0,00330855	-5,07E-09	20,47472118
9,04E-05	9,04E-05	6,86585435	0,00330855	-2,69E-09	20,47472118
9,04E-05	9,04E-05	6,865854351	0,00330855	-4,47E-10	20,47472118
9,04E-05	9,04E-05	6,865854352	0,00330855	1,65E-09	20,47472118
9,04E-05	9,04E-05	6,865854354	0,00330855	3,61E-09	20,47472118
9,04E-05	9,04E-05	6,865854355	0,00330855	5,42E-09	20,47472118
9,04E-05	9,04E-05	6,865854357	0,00330855	7,09E-09	20,47472118
9,04E-05	9,04E-05	6,865854358	0,00330855	8,62E-09	20,47472118
9,04E-05	9,04E-05	6,865854359	0,00330855	1,00E-08	20,47472118
9,04E-05	9,04E-05	6,86585436	0,00330855	1,13E-08	20,47472118
9,04E-05	9,04E-05	6,865854362	0,00330855	1,24E-08	20,47472118
9,04E-05	9,04E-05	6,865854363	0,00330855	1,34E-08	20,47472118
9,04E-05	9,04E-05	6,865854364	0,00330855	1,42E-08	20,47472118
9,04E-05	9,04E-05	6,865854365	0,00330855	1,50E-08	20,47472118
9,04E-05	9,04E-05	6,865854366	0,00330855	1,56E-08	20,47472118
9,04E-05	9,04E-05	6,865854366	0,00330855	1,61E-08	20,47472119
9,04E-05	9,04E-05	6,865854367	0,00330855	1,65E-08	20,47472119
9,04E-05	9,04E-05	6,865854368	0,00330855	1,69E-08	20,47472119
9,04E-05	9,04E-05	6,865854369	0,00330855	1,71E-08	20,47472119
9,04E-05	9,04E-05	6,865854369	0,00330855	1,72E-08	20,47472119
9,04E-05	9,04E-05	6,86585437	0,00330855	1,72E-08	20,47472119
9,04E-05	9,04E-05	6,86585437	0,00330855	1,72E-08	20,47472119
9,04E-05	9,04E-05	6,865854371	0,00330855	1,71E-08	20,47472119
9,04E-05	9,04E-05	6,865854371	0,00330855	1,69E-08	20,47472119
9,04E-05	9,04E-05	6,865854372	0,00330855	1,67E-08	20,47472119
9,04E-05	9,04E-05	6,865854372	0,00330855	1,64E-08	20,47472119
9,04E-05	9,04E-05	6,865854372	0,00330855	1,61E-08	20,47472119
9,04E-05	9,04E-05	6,865854372	0,00330855	1,57E-08	20,47472119
9,04E-05	9,04E-05	6,865854373	0,00330855	1,52E-08	20,47472119
9,04E-05	9,04E-05	6,865854373	0,00330855	1,48E-08	20,47472119
9,04E-05	9,04E-05	6,865854373	0,00330855	1,43E-08	20,47472119
9,04E-05	9,04E-05	6,865854373	0,00330855	1,38E-08	20,47472119
9,04E-05	9,04E-05	6,865854373	0,00330855	1,32E-08	20,47472119
9,04E-05	9,04E-05	6,865854373	0,00330855	1,27E-08	20,47472119
9,04E-05	9,04E-05	6,865854373	0,00330855	1,21E-08	20,47472119
9,04E-05	9,04E-05	6,865854373	0,00330855	1,15E-08	20,47472119
9,04E-05	9,04E-05	6,865854373	0,00330855	1,10E-08	20,47472119
9,04E-05	9,04E-05	6,865854373	0,00330855	1,04E-08	20,47472119
9,04E-05	9,04E-05	6,865854372	0,00330855	9,78E-09	20,47472119
9,04E-05	9,04E-05	6,865854372	0,00330855	9,19E-09	20,47472119
9,04E-05	9,04E-05	6,865854372	0,00330855	8,61E-09	20,47472119
9,04E-05	9,04E-05	6,865854372	0,00330855	8,04E-09	20,47472119
9,04E-05	9,04E-05	6,865854372	0,00330855	7,47E-09	20,47472119
9,04E-05	9,04E-05	6,865854372	0,00330855	6,92E-09	20,47472119
9,04E-05	9,04E-05	6,865854371	0,00330855	6,38E-09	20,47472119
9,04E-05	9,04E-05	6,865854371	0,00330855	5,86E-09	20,47472119
9,04E-05	9,04E-05	6,865854371	0,00330855	5,35E-09	20,47472119
9,04E-05	9,04E-05	6,865854371	0,00330855	4,86E-09	20,47472119
9,04E-05	9,04E-05	6,865854371	0,00330855	4,38E-09	20,47472119
9,04E-05	9,04E-05	6,86585437	0,00330855	3,93E-09	20,47472119
9,04E-05	9,04E-05	6,86585437	0,00330855	3,49E-09	20,47472119
9,04E-05	9,04E-05	6,86585437	0,00330855	3,08E-09	20,47472119
9,04E-05	9,04E-05	6,86585437	0,00330855	2,69E-09	20,47472119
9,04E-05	9,04E-05	6,865854369	0,00330855	2,31E-09	20,47472119
9,04E-05	9,04E-05	6,865854369	0,00330855	1,96E-09	20,47472119
9,04E-05	9,04E-05	6,865854369	0,00330855	1,63E-09	20,47472119
9,04E-05	9,04E-05	6,865854369	0,00330855	1,32E-09	20,47472119
9,04E-05	9,04E-05	6,865854369	0,00330855	1,03E-09	20,47472119
9,04E-05	9,04E-05	6,865854368	0,00330855	7,63E-10	20,47472119
9,04E-05	9,04E-05	6,865854368	0,00330855	5,15E-10	20,47472119
9,04E-05	9,04E-05	6,865854368	0,00330855	2,86E-10	20,47472119
9,04E-05	9,04E-05	6,865854368	0,00330855	7,62E-11	20,47472119
9,04E-05	9,04E-05	6,865854368	0,00330855	-1,15E-10	20,47472119
9,04E-05	9,04E-05	6,865854368	0,00330855	-2,87E-10	20,47472119
9,04E-05	9,04E-05	6,865854367	0,00330855	-4,43E-10	20,47472119
9,04E-05	9,04E-05	6,865854367	0,00330855	-5,81E-10	20,47472119
9,04E-05	9,04E-05	6,865854367	0,00330855	-7,04E-10	20,47472119
9,04E-05	9,04E-05	6,865854367	0,00330855	-8,11E-10	20,47472119
9,04E-05	9,04E-05	6,865854367	0,00330855	-9,03E-10	20,47472119
9,04E-05	9,04E-05	6,865854367	0,00330855	-9,82E-10	20,47472119
9,04E-05	9,04E-05	6,865854367	0,00330855	-1,05E-09	20,47472119
9,04E-05	9,04E-05	6,865854367	0,00330855	-1,10E-09	20,47472119
9,04E-05	9,04E-05	6,865854367	0,00330855	-1,14E-09	20,47472119
9,04E-05	9,04E-05	6,865854367	0,00330855	-1,17E-09	20,47472119
9,04E-05	9,04E-05	6,865854366	0,00330855	-1,19E-09	20,47472119
9,04E-05	9,04E-05	6,865854366	0,00330855	-1,21E-09	20,47472119
9,04E-05	9,04E-05	6,865854366	0,00330855	-1,21E-09	20,47472119
9,04E-05	9,04E-05	6,865854366	0,00330855	-1,20E-09	20,47472119
9,04E-05	9,04E-05	6,865854366	0,00330855	-1,19E-09	20,47472119
9,04E-05	9,04E-05	6,865854366	0,00330855	-1,17E-09	20,47472119
9,04E-05	9,04E-05	6,865854366	0,00330855	-1,15E-09	20,47472119
9,04E-05	9,04E-05	6,865854366	0,00330855	-1,12E-09	20,47472119
9,04E-05	9,04E-05	6,865854366	0,00330855	-1,08E-09	20,47472119
9,04E-05	9,04E-05	6,865854366	0,00330855	-1,05E-09	20,47472119
9,04E-05	9,04E-05	6,865854366	0,00330855	-1,00E-09	20,47472119
9,04E-05	9,04E-05	6,865854366	0,00330855	-9,60E-10	20,47472119
9,04E-05	9,04E-05	6,865854366	0,00330855	-9,14E-10	20,47472119
9,04E-05	9,04E-05	6,865854366	0,00330855	-8,65E-10	20,47472119
9,04E-05	9,04E-05	6,865854366	0,00330855	-8,15E-10	20,47472119
9,04E-05	9,04E-05	6,865854366	0,00330855	-7,63E-10	20,47472119
9,04E-05	9,04E-05	6,865854366	0,00330855	-7,11E-10	20,47472119
9,04E-05	9,04E-05	6,865854366	0,00330855	-6,59E-10	20,47472119
9,04E-05	9,04E-05	6,865854366	0,00330855	-6,07E-10	20,47472119
9,04E-05	9,04E-05	6,865854366	0,00330855	-5,55E-10	20,47472119
9,04E-05	9,04E-05	6,865854366	0,00330855	-5,03E-10	20,47472119
9,04E-05	9,04E-05	6,865854366	0,00330855	-4,53E-10	20,47472119
9,04E-05	9,04E-05	6,865854366	0,00330855	-4,03E-10	20,47472119
9,04E-05	9,04E-05	6,865854366	0,00330855	-3,55E-10	20,47472119
9,04E-05	9,04E-05	6,865854366	0,00330855	-3,08E-10	20,47472119
9,04E-05	9,04E-05	6,865854366	0,00330855	-2,63E-10	20,47472119
9,04E-05	9,04E-05	6,865854366	0,00330855	-2,19E-10	20,47472119
9,04E-05	9,04E-05	6,865854366	0,00330855	-1,77E-10	20,47472119
9,04E-05	9,04E-05	6,865854366	0,00330855	-1,37E-10	20,47472119
9,04E-05	9,04E-05	6,865854366	0,00330855	-9,93E-11	20,47472119
9,04E-05	9,04E-05	6,865854366	0,00330855	-6,35E-11	20,47472119
9,04E-05	9,04E-05	6,865854366	0,00330855	-2,97E-11	20,47472119
9,04E-05	9,04E-05	6,865854367	0,00330855	1,92E-12	20,47472119
9,04E-05	9,04E-05	6,865854367	0,00330855	3,14E-11	20,47472119
9,04E-05	9,04E-05	6,865854367	0,00330855	5,88E-11	20,47472119
9,04E-05	9,04E-05	6,865854367	0,00330855	8,40E-11	20,47472119
9,04E-05	9,04E-05	6,865854367	0,00330855	1,07E-10	20,47472119
9,04E-05	9,04E-05	6,865854367	0,00330855	1,28E-10	20,47472119
9,04E-05	9,04E-05	6,865854367	0,00330855	1,47E-10	20,47472119
9,04E-05	9,04E-05	6,865854367	0,00330855	1,64E-10	20,47472119
9,04E-05	9,04E-05	6,865854367	0,00330855	1,80E-10	20,47472119
9,04E-05	9,04E-05	6,865854367	0,00330855	1,93E-10	20,47472119
9,04E-05	9,04E-05	6,865854367	0,00330855	2,04E-10	20,47472119
9,04E-05	9,04E-05	6,865854367	0,00330855	2,14E-10	20,47472119
9,04E-05	9,04E-05	6,865854367	0,00330855	2,22E-10	20,47472119
9,04E-05	9,04E-05	6,865854367	0,00330855	2,29E-10	20,47472119
9,04E-05	9,04E-05	6,865854367	0,00330855	2,34E-10	20,47472119
9,04E-05	9,04E-05	6,865854367	0,00330855	2,37E-10	20,47472119
9,04E-05	9,04E-05	6,865854367	0,00330855	2,40E-10	20,47472119
9,04E-05	9,04E-05	6,865854367	0,00330855	2,41E-10	20,47472119
9,04E-05	9,04E-05	6,865854367	0,00330855	2,41E-10	20,47472119
9,04E-05	9,04E-05	6,865854367	0,00330855	2,40E-10	20,47472119
9,04E-05	9,04E-05	6,865854367	0,00330855	2,37E-10	20,47472119
9,04E-05	9,04E-05	6,865854367	0,00330855	2,34E-10	20,47472119
9,04E-05	9,04E-05	6,865854367	0,00330855	2,31E-10	20,47472119
9,04E-05	9,04E-05	6,865854367	0,00330855	2,26E-10	20,47472119
9,04E-05	9,04E-05	6,865854367	0,00330855	2,21E-10	20,47472119
9,04E-05	9,04E-05	6,865854367	0,00330855	2,15E-10	20,47472119
9,04E-05	9,04E-05	6,865854367	0,00330855	2,08E-10	20,47472119
9,04E-05	9,04E-05	6,865854367	0,00330855	2,01E-10	20,47472119
9,04E-05	9,04E-05	6,865854367	0,00330855	1,94E-10	20,47472119
9,04E-05	9,04E-05	6,865854367	0,00330855	1,87E-10	20,47472119
9,04E-05	9,04E-05	6,865854367	0,00330855	1,79E-10	20,47472119
9,04E-05	9,04E-05	6,865854367	0,00330855	1,71E-10	20,47472119
9,04E-05	9,04E-05	6,865854367	0,00330855	1,63E-10	20,47472119
9,04E-05	9,04E-05	6,865854367	0,00330855	1,54E-10	20,47472119
9,04E-05	9,04E-05	6,865854367	0,00330855	1,46E-10	20,47472119
9,04E-05	9,04E-05	6,865854367	0,00330855	1,38E-10	20,47472119
9,04E-05	9,04E-05	6,865854367	0,00330855	1,29E-10	20,47472119
9,04E-05	9,04E-05	6,865854367	0,00330855	1,21E-10	20,47472119
9,04E-05	9,04E-05	6,865854367	0,00330855	1,13E-10	20,47472119
9,04E-05	9,04E-05	6,865854367	0,00330855	1,05E-10	20,47472119
9,04E-05	9,04E-05	6,865854367	0,00330855	9,68E-11	20,47472119
9,04E-05	9,04E-05	6,865854367	0,00330855	8,91E-11	20,47472119
9,04E-05	9,04E-05	6,865854367	0,00330855	8,16E-11	20,47472119
9,04E-05	9,04E-05	6,865854367	0,00330855	7,43E-11	20,47472119
9,04E-05	9,04E-05	6,865854367	0,00330855	6,73E-11	20,47472119
9,04E-05	9,04E-05	6,865854367	0,00330855	6,05E-11	20,47472119
9,04E-05	9,04E-05	6,865854367	0,00330855	5,40E-11	20,47472119
9,04E-05	9,04E-05	6,865854367	0,00330855	4,78E-11	20,47472119
9,04E-05	9,04E-05	6,865854367	0,00330855	4,19E-11	20,47472119
9,04E-05	9,04E-05	6,865854367	0,00330855	3,63E-11	20,47472119
9,04E-05	9,04E-05	6,865854367	0,00330855	3,10E-11	20,47472119
9,04E-05	9,04E-05	6,865854367	0,00330855	2,60E-11	20,47472119
9,04E-05	9,04E-05	6,865854367	0,00330855	2,12E-11	20,47472119
9,04E-05	9,04E-05	6,865854367	0,00330855	1,68E-11	20,47472119
9,04E-05	9,04E-05	6,865854367	0,00330855	1,27E-11	20,47472119
9,04E-05	9,04E-05	6,865854367	0,00330855	8,87E-12	20,47472119
9,04E-05	9,04E-05	6,865854367	0,00330855	5,35E-12	20,47472119
9,04E-05	9,04E-05	6,865854367	0,00330855	2,09E-12	20,47472119
9,04E-05	9,04E-05	6,865854367	0,00330855	-8,76E-13	20,47472119
9,04E-05	9,04E-05	6,865854367	0,00330855	-3,57E-12	20,47472119
9,04E-05	9,04E-05	6,865854367	0,00330855	-6,02E-12	20,47472119
9,04E-05	9,04E-05	6,865854367	0,00330855	-8,20E-12	20,47472119
9,04E-05	9,04E-05	6,865854367	0,00330855	-1,01E-11	20,47472119
9,04E-05	9,04E-05	6,865854367	0,00330855	-1,19E-11	20,47472119
9,04E-05	9,04E-05	6,865854367	0,00330855	-1,34E-11	20,47472119
9,04E-05	9,04E-05	6,865854367	0,00330855	-1,46E-11	20,47472119
9,04E-05	9,04E-05	6,865854367	0,00330855	-1,57E-11	20,47472119
9,04E-05	9,04E-05	6,865854367	0,00330855	-1,66E-11	20,47472119
9,04E-05	9,04E-05	6,865854367	0,00330855	-1,73E-11	20,47472119
9,04E-05	9,04E-05	6,865854367	0,00330855	-1,79E-11	20,47472119
9,04E-05	9,04E-05	6,865854367	0,00330855	-1,83E-11	20,47472119
9,04E-05	9,04E-05	6,865854367	0,00330855	-1,85E-11	20,47472119
9,04E-05	9,04E-05	6,865854367	0,00330855	-1,86E-11	20,47472119
9,04E-05	9,04E-05	6,865854367	0,00330855	-1,86E-11	20,47472119
9,04E-05	9,04E-05	6,865854367	0,00330855	-1,85E-11	20,47472119
9,04E-05	9,04E-05	6,865854367	0,00330855	-1,83E-11	20,47472119
9,04E-05	9,04E-05	6,865854367	0,00330855	-1,80E-11	20,47472119
9,04E-05	9,04E-05	6,865854367	0,00330855	-1,76E-11	20,47472119
9,04E-05	9,04E-05	6,865854367	0,00330855	-1,71E-11	20,47472119
9,04E-05	9,04E-05	6,865854367	0,00330855	-1,66E-11	20,47472119
9,04E-05	9,04E-05	6,865854367	0,00330855	-1,60E-11	20,47472119
9,04E-05	9,04E-05	6,865854367	0,00330855	-1,54E-11	20,47472119
9,04E-05	9,04E-05	6,865854367	0,00330855	-1,47E-11	20,47472119
9,04E-05	9,04E-05	6,865854367	0,00330855	-1,40E-11	20,47472119
9,04E-05	9,04E-05	6,865854367	0,00330855	-1,32E-11	20,47472119
9,04E-05	9,04E-05	6,865854367	0,00330855	-1,25E-11	20,47472119
9,04E-05	9,04E-05	6,865854367	0,00330855	-1,17E-11	20,47472119
9,04E-05	9,04E-05	6,865854367	0,00330855	-1,09E-11	20,47472119
9,04E-05	9,04E-05	6,865854367	0,00330855	-1,01E-11	20,47472119
9,04E-05	9,04E-05	6,865854367	0,00330855	-9,34E-12	20,47472119
9,04E-05	9,04E-05	6,865854367	0,00330855	-8,54E-12	20,47472119
9,04E-05	9,04E-05	6,865854367	0,00330855	-7,78E-12	20,47472119
9,04E-05	9,04E-05	6,865854367	0,00330855	-7,03E-12	20,47472119
9,04E-05	9,04E-05	6,865854367	0,00330855	-6,28E-12	20,47472119
9,04E-05	9,04E-05	6,865854367	0,00330855	-5,57E-12	20,47472119
9,04E-05	9,04E-05	6,865854367	0,00330855	-4,87E-12	20,47472119
9,04E-05	9,04E-05	6,865854367	0,00330855	-4,19E-12	20,47472119
9,04E-05	9,04E-05	6,865854367	0,00330855	-3,52E-12	20,47472119
9,04E-05	9,04E-05	6,865854367	0,00330855	-2,90E-12	20,47472119
9,04E-05	9,04E-05	6,865854367	0,00330855	-2,31E-12	20,47472119
9,04E-05	9,04E-05	6,865854367	0,00330855	-1,74E-12	20,47472119
9,04E-05	9,04E-05	6,865854367	0,00330855	-1,19E-12	20,47472119
9,04E-05	9,04E-05	6,865854367	0,00330855	-7,00E-13	20,47472119
9,04E-05	9,04E-05	6,865854367	0,00330855	-2,17E-13	20,47472119
9,04E-05	9,04E-05	6,865854367	0,00330855	2,29E-13	20,47472119
9,04E-05	9,04E-05	6,865854367	0,00330855	6,36E-13	20,47472119
9,04E-05	9,04E-05	6,865854367	0,00330855	1,01E-12	20,47472119
9,04E-05	9,04E-05	6,865854367	0,00330855	1,36E-12	20,47472119
9,04E-05	9,04E-05	6,865854367	0,00330855	1,68E-12	20,47472119
9,04E-05	9,04E-05	6,865854367	0,00330855	1,95E-12	20,47472119
9,04E-05	9,04E-05	6,865854367	0,00330855	2,21E-12	20,47472119
9,04E-05	9,04E-05	6,865854367	0,00330855	2,44E-12	20,47472119
9,04E-05	9,04E-05	6,865854367	0,00330855	2,64E-12	20,47472119
9,04E-05	9,04E-05	6,865854367	0,00330855	2,81E-12	20,47472119
9,04E-05	9,04E-05	6,865854367	0,00330855	2,95E-12	20,47472119
9,04E-05	9,04E-05	6,865854367	0,00330855	3,09E-12	20,47472119
9,04E-05	9,04E-05	6,865854367	0,00330855	3,20E-12	20,47472119
9,04E-05	9,04E-05	6,865854367	0,00330855	3,26E-12	20,47472119
9,04E-05	9,04E-05	6,865854367	0,00330855	3,33E-12	20,47472119
9,04E-05	9,04E-05	6,865854367	0,00330855	3,38E-12	20,47472119
9,04E-05	9,04E-05	6,865854367	0,00330855	3,39E-12	20,47472119
9,04E-05	9,04E-05	6,865854367	0,00330855	3,39E-12	20,47472119
9,04E-05	9,04E-05	6,865854367	0,00330855	3,37E-12	20,47472119
9,04E-05	9,04E-05	6,865854367	0,00330855	3,34E-12	20,47472119
9,04E-05	9,04E-05	6,865854367	0,00330855	3,31E-12	20,47472119
9,04E-05	9,04E-05	6,865854367	0,00330855	3,26E-12	20,47472119
9,04E-05	9,04E-05	6,865854367	0,00330855	3,21E-12	20,47472119
9,04E-05	9,04E-05	6,865854367	0,00330855	3,13E-12	20,47472119
9,04E-05	9,04E-05	6,865854367	0,00330855	3,04E-12	20,47472119
9,04E-05	9,04E-05	6,865854367	0,00330855	2,95E-12	20,47472119
9,04E-05	9,04E-05	6,865854367	0,00330855	2,85E-12	20,47472119
9,04E-05	9,04E-05	6,865854367	0,00330855	2,74E-12	20,47472119
9,04E-05	9,04E-05	6,865854367	0,00330855	2,65E-12	20,47472119
9,04E-05	9,04E-05	6,865854367	0,00330855	2,54E-12	20,47472119
9,04E-05	9,04E-05	6,865854367	0,00330855	2,42E-12	20,47472119
9,04E-05	9,04E-05	6,865854367	0,00330855	2,29E-12	20,47472119
9,04E-05	9,04E-05	6,865854367	0,00330855	2,18E-12	20,47472119
9,04E-05	9,04E-05	6,865854367	0,00330855	2,05E-12	20,47472119
9,04E-05	9,04E-05	6,865854367	0,00330855	1,92E-12	20,47472119
9,04E-05	9,04E-05	6,865854367	0,00330855	1,82E-12	20,47472119
9,04E-05	9,04E-05	6,865854367	0,00330855	1,70E-12	20,47472119
9,04E-05	9,04E-05	6,865854367	0,00330855	1,57E-12	20,47472119
9,04E-05	9,04E-05	6,865854367	0,00330855	1,46E-12	20,47472119
9,04E-05	9,04E-05	6,865854367	0,00330855	1,34E-12	20,47472119
9,04E-05	9,04E-05	6,865854367	0,00330855	1,22E-12	20,47472119
9,04E-05	9,04E-05	6,865854367	0,00330855	1,13E-12	20,47472119
9,04E-05	9,04E-05	6,865854367	0,00330855	1,03E-12	20,47472119
9,04E-05	9,04E-05	6,865854367	0,00330855	9,33E-13	20,47472119
9,04E-05	9,04E-05	6,865854367	0,00330855	8,31E-13	20,47472119
9,04E-05	9,04E-05	6,865854367	0,00330855	7,43E-13	20,47472119
9,04E-05	9,04E-05	6,865854367	0,00330855	6,47E-13	20,47472119
9,04E-05	9,04E-05	6,865854367	0,00330855	5,65E-13	20,47472119
9,04E-05	9,04E-05	6,865854367	0,00330855	4,99E-13	20,47472119
9,04E-05	9,04E-05	6,865854367	0,00330855	4,26E-13	20,47472119
9,04E-05	9,04E-05	6,865854367	0,00330855	3,55E-13	20,47472119
9,04E-05	9,04E-05	6,865854367	0,00330855	2,81E-13	20,47472119
9,04E-05	9,04E-05	6,865854367	0,00330855	2,17E-13	20,47472119
9,04E-05	9,04E-05	6,865854367	0,00330855	1,62E-13	20,47472119
9,04E-05	9,04E-05	6,865854367	0,00330855	9,59E-14	20,47472119
9,04E-05	9,04E-05	6,865854367	0,00330855	6,22E-14	20,47472119
9,04E-05	9,04E-05	6,865854367	0,00330855	7,11E-15	20,47472119
9,04E-05	9,04E-05	6,865854367	0,00330855	-4,09E-14	20,47472119
9,04E-05	9,04E-05	6,865854367	0,00330855	-7,64E-14	20,47472119
9,04E-05	9,04E-05	6,865854367	0,00330855	-1,05E-13	20,47472119
9,04E-05	9,04E-05	6,865854367	0,00330855	-1,28E-13	20,47472119
9,04E-05	9,04E-05	6,865854367	0,00330855	-1,55E-13	20,47472119
9,04E-05	9,04E-05	6,865854367	0,00330855	-1,94E-13	20,47472119
9,04E-05	9,04E-05	6,865854367	0,00330855	-2,13E-13	20,47472119
9,04E-05	9,04E-05	6,865854367	0,00330855	-2,26E-13	20,47472119
9,04E-05	9,04E-05	6,865854367	0,00330855	-2,47E-13	20,47472119
9,04E-05	9,04E-05	6,865854367	0,00330855	-2,59E-13	20,47472119
9,04E-05	9,04E-05	6,865854367	0,00330855	-2,50E-13	20,47472119
9,04E-05	9,04E-05	6,865854367	0,00330855	-2,63E-13	20,47472119
9,04E-05	9,04E-05	6,865854367	0,00330855	-2,70E-13	20,47472119
9,04E-05	9,04E-05	6,865854367	0,00330855	-2,70E-13	20,47472119
9,04E-05	9,04E-05	6,865854367	0,00330855	-2,84E-13	20,47472119
9,04E-05	9,04E-05	6,865854367	0,00330855	-2,82E-13	20,47472119
9,04E-05	9,04E-05	6,865854367	0,00330855	-2,79E-13	20,47472119
9,04E-05	9,04E-05	6,865854367	0,00330855	-2,75E-13	20,47472119
9,04E-05	9,04E-05	6,865854367	0,00330855	-2,72E-13	20,47472119
9,04E-05	9,04E-05	6,865854367	0,00330855	-2,79E-13	20,47472119
9,04E-05	9,04E-05	6,865854367	0,00330855	-2,70E-13	20,47472119
9,04E-05	9,04E-05	6,865854367	0,00330855	-2,65E-13	20,47472119
9,04E-05	9,04E-05	6,865854367	0,00330855	-2,49E-13	20,47472119
9,04E-05	9,04E-05	6,865854367	0,00330855	-2,45E-13	20,47472119
9,04E-05	9,04E-05	6,865854367	0,00330855	-2,40E-13	20,47472119
9,04E-05	9,04E-05	6,865854367	0,00330855	-2,33E-13	20,47472119
9,04E-05	9,04E-05	6,865854367	0,00330855	-2,22E-13	20,47472119
9,04E-05	9,04E-05	6,865854367	0,00330855	-2,20E-13	20,47472119
9,04E-05	9,04E-05	6,865854367	0,00330855	-2,11E-13	20,47472119
9,04E-05	9,04E-05	6,865854367	0,00330855	-1,90E-13	20,47472119
9,04E-05	9,04E-05	6,865854367	0,00330855	-1,85E-13	20,47472119
9,04E-05	9,04E-05	6,865854367	0,00330855	-1,65E-13	20,47472119
9,04E-05	9,04E-05	6,865854367	0,00330855	-1,60E-13	20,47472119
9,04E-05	9,04E-05	6,865854367	0,00330855	-1,49E-13	20,47472119
9,04E-05	9,04E-05	6,865854367	0,00330855	-1,24E-13	20,47472119
9,04E-05	9,04E-05	6,865854367	0,00330855	-1,26E-13	20,47472119
9,04E-05	9,04E-05	6,865854367	0,00330855	-1,17E-13	20,47472119
9,04E-05	9,04E-05	6,865854367	0,00330855	-9,77E-14	20,47472119
9,04E-05	9,04E-05	6,865854367	0,00330855	-8,35E-14	20,47472119
9,04E-05	9,04E-05	6,865854367	0,00330855	-6,93E-14	20,47472119
9,04E-05	9,04E-05	6,865854367	0,00330855	-6,22E-14	20,47472119
9,04E-05	9,04E-05	6,865854367	0,00330855	-5,68E-14	20,47472119
9,04E-05	9,04E-05	6,865854367	0,00330855	-4,62E-14	20,47472119
9,04E-05	9,04E-05	6,865854367	0,00330855	-4,09E-14	20,47472119
9,04E-05	9,04E-05	6,865854367	0,00330855	-2,84E-14	20,47472119
9,04E-05	9,04E-05	6,865854367	0,00330855	-1,78E-14	20,47472119
9,04E-05	9,04E-05	6,865854367	0,00330855	-1,24E-14	20,47472119
9,04E-05	9,04E-05	6,865854367	0,00330855	0	20,47472119
9,04E-05	9,04E-05	6,865854367	0,00330855	1,60E-14	20,47472119
9,04E-05	9,04E-05	6,865854367	0,00330855	1,60E-14	20,47472119
9,04E-05	9,04E-05	6,865854367	0,00330855	1,78E-14	20,47472119
9,04E-05	9,04E-05	6,865854367	0,00330855	2,13E-14	20,47472119
9,04E-05	9,04E-05	6,865854367	0,00330855	2,13E-14	20,47472119
9,04E-05	9,04E-05	6,865854367	0,00330855	2,31E-14	20,47472119
9,04E-05	9,04E-05	6,865854367	0,00330855	3,91E-14	20,47472119
9,04E-05	9,04E-05	6,865854367	0,00330855	4,09E-14	20,47472119
9,04E-05	9,04E-05	6,865854367	0,00330855	4,62E-14	20,47472119
9,04E-05	9,04E-05	6,865854367	0,00330855	4,44E-14	20,47472119
9,04E-05	9,04E-05	6,865854367	0,00330855	5,15E-14	20,47472119
9,04E-05	9,04E-05	6,865854367	0,00330855	5,15E-14	20,47472119
9,04E-05	9,04E-05	6,865854367	0,00330855	4,97E-14	20,47472119
9,04E-05	9,04E-05	6,865854367	0,00330855	5,86E-14	20,47472119
9,04E-05	9,04E-05	6,865854367	0,00330855	6,04E-14	20,47472119
9,04E-05	9,04E-05	6,865854367	0,00330855	7,28E-14	20,47472119
9,04E-05	9,04E-05	6,865854367	0,00330855	7,46E-14	20,47472119
9,04E-05	9,04E-05	6,865854367	0,00330855	6,57E-14	20,47472119
9,04E-05	9,04E-05	6,865854367	0,00330855	6,75E-14	20,47472119
9,04E-05	9,04E-05	6,865854367	0,00330855	6,22E-14	20,47472119
9,04E-05	9,04E-05	6,865854367	0,00330855	6,22E-14	20,47472119
9,04E-05	9,04E-05	6,865854367	0,00330855	6,57E-14	20,47472119
9,04E-05	9,04E-05	6,865854367	0,00330855	5,68E-14	20,47472119
9,04E-05	9,04E-05	6,865854367	0,00330855	5,68E-14	20,47472119
9,04E-05	9,04E-05	6,865854367	0,00330855	5,15E-14	20,47472119
9,04E-05	9,04E-05	6,865854367	0,00330855	5,33E-14	20,47472119
9,04E-05	9,04E-05	6,865854367	0,00330855	4,26E-14	20,47472119
9,04E-05	9,04E-05	6,865854367	0,00330855	3,38E-14	20,47472119
9,04E-05	9,04E-05	6,865854367	0,00330855	3,38E-14	20,47472119
9,04E-05	9,04E-05	6,865854367	0,00330855	3,38E-14	20,47472119
9,04E-05	9,04E-05	6,865854367	0,00330855	2,66E-14	20,47472119
9,04E-05	9,04E-05	6,865854367	0,00330855	2,66E-14	20,47472119
9,04E-05	9,04E-05	6,865854367	0,00330855	2,66E-14	20,47472119
9,04E-05	9,04E-05	6,865854367	0,00330855	2,66E-14	20,47472119
9,04E-05	9,04E-05	6,865854367	0,00330855	2,66E-14	20,47472119
9,04E-05	9,04E-05	6,865854367	0,00330855	2,66E-14	20,47472119
9,04E-05	9,04E-05	6,865854367	0,00330855	2,66E-14	20,47472119
9,04E-05	9,04E-05	6,865854367	0,00330855	2,66E-14	20,47472119
9,04E-05	9,04E-05	6,865854367	0,00330855	2,66E-14	20,47472119
9,04E-05	9,04E-05	6,865854367	0,00330855	2,66E-14	20,47472119
9,04E-05	9,04E-05	6,865854367	0,00330855	2,66E-14	20,47472119