CWFlow	Level	OutFlow	TempOF	Steam	Volume
9,16E-05	20,22063385	9,02E-05	41,76960899	6,671663684	0,003271583
8,84E-05	20,15331927	9,01E-05	41,0391013	6,356558816	0,003239641
9,31E-05	20,26237	9,03E-05	42,06266717	6,827513247	0,003286339
9,15E-05	20,2330755	9,02E-05	41,69490932	6,677539065	0,003270975
9,07E-05	20,22059472	9,02E-05	41,48898156	6,600923777	0,003262974
8,96E-05	20,20358965	9,01E-05	41,23289804	6,502580833	0,003252827
9,18E-05	20,26055726	9,03E-05	41,71285344	6,733844591	0,003275667
9,38E-05	20,31453994	9,04E-05	42,16033735	6,950785442	0,003297101
9,21E-05	20,28551186	9,03E-05	41,77601118	6,795708376	0,003281362
9,26E-05	20,30585357	9,03E-05	41,88447393	6,860789008	0,00328767
9,16E-05	20,29245239	9,03E-05	41,65529597	6,774446296	0,00327887
9,28E-05	20,32928512	9,03E-05	41,92885555	6,912313986	0,003292532
9,03E-05	20,28171428	9,02E-05	41,35929623	6,672339948	0,003268454
9,27E-05	20,34702889	9,03E-05	41,91994378	6,936886416	0,003294876
9,23E-05	20,34671234	9,03E-05	41,82599858	6,907658759	0,003291972
9,16E-05	20,34020776	9,03E-05	41,67220055	6,850550138	0,003286332
9,19E-05	20,35803062	9,03E-05	41,7639642	6,902086387	0,003291611
9,33E-05	20,39825007	9,04E-05	42,0822	7,053691103	0,003306949
9,17E-05	20,37233775	9,03E-05	41,7418082	6,90951458	0,003292762
9,26E-05	20,40024375	9,04E-05	41,94244321	7,006054379	0,003302698
9,03E-05	20,35985215	9,03E-05	41,46307244	6,797258916	0,003282149
9,28E-05	20,42366868	9,04E-05	42,0288568	7,054666659	0,003308267
9,34E-05	20,44595859	9,04E-05	42,18253281	7,126602299	0,003315881
9,10E-05	20,40010415	9,03E-05	41,65798961	6,894097776	0,00329309
9,05E-05	20,39816791	9,03E-05	41,57590358	6,858380941	0,003290013
9,05E-05	20,40662474	9,03E-05	41,60106023	6,86958973	0,003291661
9,21E-05	20,45062042	9,04E-05	41,98494085	7,04024339	0,003309281
9,06E-05	20,4249871	9,03E-05	41,67587858	6,900077513	0,003295844
9,13E-05	20,44628166	9,04E-05	41,83944228	6,970406603	0,003303476
8,99E-05	20,4231993	9,03E-05	41,56257364	6,842955011	0,003291346
9,23E-05	20,48362495	9,04E-05	42,12410156	7,08968844	0,003316648
9,05E-05	20,44920287	9,03E-05	41,74043885	6,91301763	0,003299619
9,21E-05	20,49106072	9,04E-05	42,12282359	7,078285525	0,00331679
9,19E-05	20,49355538	9,04E-05	42,1147777	7,068351997	0,003316445
9,09E-05	20,47754871	9,04E-05	41,92486499	6,976540642	0,003307912
9,14E-05	20,49241296	9,04E-05	42,04674596	7,023672493	0,003313272
9,07E-05	20,48260458	9,04E-05	41,92491639	6,961366107	0,003307684
9,06E-05	20,48541623	9,04E-05	41,93222815	6,95641173	0,003307824
9,21E-05	20,52287155	9,04E-05	42,28885311	7,10731725	0,003323542
9,09E-05	20,50138733	9,04E-05	42,05895373	6,99560568	0,003312986
8,97E-05	20,47886702	9,03E-05	41,82158142	6,880277204	0,003302054
9,24E-05	20,54111055	9,05E-05	42,4347419	7,145082453	0,003329117
8,97E-05	20,48498781	9,03E-05	41,86712077	6,881627136	0,003303333
9,11E-05	20,51993425	9,04E-05	42,21303813	7,026555134	0,003318365
8,98E-05	20,49335062	9,04E-05	41,94644441	6,897430177	0,003305967
9,03E-05	20,50671964	9,04E-05	42,08208854	6,948094025	0,003311522
9,10E-05	20,52375146	9,04E-05	42,25697468	7,016239568	0,003318799
9,16E-05	20,53922052	9,05E-05	42,41873632	7,078470523	0,003325458
9,01E-05	20,50875005	9,04E-05	42,12348359	6,936289899	0,00331165
9,08E-05	20,52426038	9,04E-05	42,29028332	7,000732616	0,003318479
9,02E-05	20,51192104	9,04E-05	42,18068177	6,941568504	0,003312922
9,04E-05	20,51714851	9,04E-05	42,24868478	6,961852062	0,003315288
8,91E-05	20,48981038	9,03E-05	41,99280209	6,837327425	0,00330315
9,02E-05	20,51303177	9,04E-05	42,24411347	6,939682683	0,00331368
9,18E-05	20,54856391	9,05E-05	42,61995711	7,097804597	0,003329766
8,94E-05	20,4957561	9,04E-05	42,1136511	6,86151008	0,003306392
8,89E-05	20,48439937	9,03E-05	42,02293176	6,811183735	0,003301598
9,18E-05	20,54758327	9,05E-05	42,6785226	7,094749437	0,003330176
9,14E-05	20,53724034	9,05E-05	42,59958108	7,049974341	0,003325905
9,10E-05	20,52743738	9,04E-05	42,52661227	7,008042392	0,003321904
8,87E-05	20,47577215	9,03E-05	42,03543733	6,779274722	0,003299205
9,17E-05	20,54174914	9,05E-05	42,72095168	7,07694931	0,003329137
8,96E-05	20,49210878	9,04E-05	42,25041825	6,85785269	0,003307379
8,89E-05	20,47683839	9,03E-05	42,12357714	6,792706246	0,003301005
8,94E-05	20,48660215	9,04E-05	42,24694623	6,839719502	0,003305835
9,05E-05	20,5086715	9,04E-05	42,49312468	6,941931692	0,003316174
9,08E-05	20,51367268	9,04E-05	42,56826951	6,967945323	0,003318882
9,04E-05	20,50227974	9,04E-05	42,47902484	6,920743168	0,003314259
8,99E-05	20,48994291	9,04E-05	42,37980622	6,869391678	0,003309212
9,19E-05	20,53455089	9,05E-05	42,8494228	7,072750126	0,003329626
8,95E-05	20,47829668	9,04E-05	42,30973587	6,825059593	0,003304926
9,03E-05	20,4935814	9,04E-05	42,48469686	6,897298989	0,00331221
8,94E-05	20,47354699	9,03E-05	42,3056736	6,811564143	0,003303689
9,06E-05	20,49756533	9,04E-05	42,56634138	6,922798383	0,003314856
8,82E-05	20,4435586	9,03E-05	42,04588648	6,685036554	0,003291117
9,08E-05	20,50013453	9,04E-05	42,63035767	6,941743089	0,003316817
8,91E-05	20,45939935	9,03E-05	42,24079593	6,763175583	0,003298983
9,01E-05	20,48048761	9,04E-05	42,46853167	6,86099361	0,003308781
8,91E-05	20,45788777	9,03E-05	42,25844057	6,763324963	0,003299025
8,90E-05	20,45274541	9,03E-05	42,22197509	6,743612102	0,003297058
8,83E-05	20,43711158	9,03E-05	42,07964752	6,676855904	0,003290382
8,92E-05	20,45656326	9,03E-05	42,28723444	6,766876545	0,003299379
9,04E-05	20,48211539	9,04E-05	42,55489598	6,884043589	0,003311086
9,07E-05	20,48750717	9,04E-05	42,620039	6,91091103	0,003313758
9,18E-05	20,51023235	9,05E-05	42,85761953	7,015152966	0,003324165
9,09E-05	20,48928182	9,04E-05	42,65756788	6,923926127	0,003315021
8,81E-05	20,42610665	9,03E-05	42,03441912	6,643718631	0,003286977
8,92E-05	20,45048391	9,03E-05	42,28597058	6,754910657	0,003298069
9,01E-05	20,46972598	9,04E-05	42,48537497	6,8429909	0,003306849
8,78E-05	20,4158519	9,02E-05	41,9528533	6,603940256	0,003282913
9,00E-05	20,46486619	9,04E-05	42,44848266	6,824876416	0,003304974
8,97E-05	20,45815803	9,03E-05	42,38618826	6,796472527	0,0033021
9,07E-05	20,47848093	9,04E-05	42,59353935	6,888816287	0,0033113
9,09E-05	20,48321368	9,04E-05	42,64435846	6,911302992	0,003313513
9,12E-05	20,49055381	9,04E-05	42,72065634	6,945318227	0,003316879
9,01E-05	20,46569875	9,04E-05	42,47444254	6,835224109	0,003305833
9,01E-05	20,46476619	9,04E-05	42,46692943	6,831990957	0,003305474
9,18E-05	20,5022554	9,04E-05	42,84314511	7,000466172	0,003322286
9,22E-05	20,51077132	9,05E-05	42,92917387	7,039254764	0,003326129
9,00E-05	20,46106697	9,04E-05	42,43258028	6,817565321	0,003303925
9,05E-05	20,47304527	9,04E-05	42,55242734	6,871625256	0,003309297
8,94E-05	20,44798632	9,03E-05	42,30154913	6,759951137	0,003298097
9,04E-05	20,47043059	9,04E-05	42,52538236	6,860624828	0,003308132
9,11E-05	20,48671376	9,04E-05	42,68731522	6,933657793	0,003315404
8,98E-05	20,45636118	9,03E-05	42,38263131	6,798047392	0,003301813
9,05E-05	20,47264683	9,04E-05	42,54409939	6,870933045	0,003309073
9,04E-05	20,4706163	9,04E-05	42,52220314	6,861835248	0,003308137
8,98E-05	20,45598173	9,03E-05	42,37409068	6,79630494	0,003301558
8,99E-05	20,45801219	9,03E-05	42,39247808	6,80524274	0,003302428
9,23E-05	20,51226478	9,05E-05	42,93296027	7,047670021	0,003326648
8,94E-05	20,44793847	9,03E-05	42,28754967	6,759746465	0,003297834
8,99E-05	20,45942964	9,03E-05	42,40023156	6,810844127	0,003302924
8,89E-05	20,43708959	9,03E-05	42,17453887	6,710603888	0,003292882
9,03E-05	20,46877752	9,04E-05	42,48908247	6,851948751	0,003307
9,08E-05	20,47997118	9,04E-05	42,59865706	6,901609477	0,003311952
8,99E-05	20,45950565	9,03E-05	42,39162979	6,809659423	0,003302743
9,07E-05	20,479192	9,04E-05	42,58612593	6,897251459	0,003311491
8,97E-05	20,45551017	9,03E-05	42,3469586	6,790876484	0,003300843
9,17E-05	20,50023768	9,04E-05	42,79191526	6,990422438	0,003320788
9,04E-05	20,47137724	9,04E-05	42,50103412	6,860861603	0,003307824
9,12E-05	20,48967131	9,04E-05	42,68174988	6,942174012	0,003315949
9,26E-05	20,52121861	9,05E-05	42,99505847	7,082751528	0,003330002
9,08E-05	20,4824395	9,04E-05	42,60517143	6,908817563	0,003312605
9,17E-05	20,50264793	9,04E-05	42,80523491	6,998684277	0,003321589
9,07E-05	20,47862746	9,04E-05	42,56309029	6,890756147	0,003310794
9,01E-05	20,46624495	9,04E-05	42,43741127	6,83487971	0,003305206
8,95E-05	20,45271665	9,03E-05	42,30036419	6,773886275	0,003299107
9,00E-05	20,46491397	9,04E-05	42,42066628	6,827950273	0,003304514
9,16E-05	20,49957116	9,04E-05	42,76566255	6,982468537	0,003319968
9,13E-05	20,49310835	9,04E-05	42,69955598	6,95310474	0,003317035
8,94E-05	20,45082729	9,03E-05	42,27536494	6,76357027	0,003298085
9,02E-05	20,46979022	9,04E-05	42,46371232	6,847941865	0,003306526
8,91E-05	20,44516298	9,03E-05	42,21625616	6,737387814	0,003295476
9,07E-05	20,48120105	9,04E-05	42,57555071	6,898153714	0,003311557
9,14E-05	20,49612489	9,04E-05	42,72379928	6,964510986	0,003318199
8,96E-05	20,45785178	9,03E-05	42,34017302	6,792981893	0,003301052
8,76E-05	20,4121386	9,02E-05	41,88223862	6,588197805	0,00328058
9,11E-05	20,49032896	9,04E-05	42,66342979	6,9375455	0,003315522
9,36E-05	20,54654093	9,05E-05	43,22492453	7,188621328	0,003340637
9,09E-05	20,48689341	9,04E-05	42,6279089	6,921576337	0,003313939
9,07E-05	20,48165018	9,04E-05	42,57501755	6,897853291	0,003311575
9,07E-05	20,48138998	9,04E-05	42,57203436	6,896433433	0,00331144
9,13E-05	20,49655277	9,04E-05	42,7233553	6,964005441	0,003318205
9,25E-05	20,52182315	9,05E-05	42,97582289	7,076797947	0,003329492
9,19E-05	20,50927911	9,05E-05	42,8502131	7,020496799	0,00332387
9,02E-05	20,47085732	9,04E-05	42,46588873	6,848483984	0,003306676
9,04E-05	20,47564115	9,04E-05	42,51367974	6,869709341	0,003308806
9,06E-05	20,48078999	9,04E-05	42,56517591	6,892583235	0,003311101
8,95E-05	20,45619625	9,03E-05	42,31929752	6,782459929	0,003300096
9,15E-05	20,50120866	9,04E-05	42,76952801	6,983639885	0,003320222
9,05E-05	20,47895254	9,04E-05	42,54711662	6,884000261	0,003310265
9,19E-05	20,51015736	9,05E-05	42,85935428	7,023459032	0,003324218
9,02E-05	20,4710169	9,04E-05	42,46817519	6,848337343	0,003306712
9,20E-05	20,51226964	9,05E-05	42,88096033	7,03275741	0,003325161
8,85E-05	20,4328849	9,03E-05	42,08739952	6,677682089	0,00328966
9,22E-05	20,51609018	9,05E-05	42,91976436	7,049742582	0,003326872
8,89E-05	20,44137616	9,03E-05	42,17295823	6,715576883	0,003293461
8,93E-05	20,45181547	9,03E-05	42,27770435	6,762238193	0,003298133
9,04E-05	20,47642153	9,04E-05	42,52413387	6,872264182	0,003309141
8,89E-05	20,4427608	9,03E-05	42,18790857	6,721721558	0,003294092
9,08E-05	20,48570542	9,04E-05	42,61774705	6,913776176	0,003313302
9,09E-05	20,4874511	9,04E-05	42,63560388	6,921590616	0,003314088
9,17E-05	20,5047583	9,04E-05	42,80908119	6,999004711	0,003321834
9,00E-05	20,46616949	9,04E-05	42,42360143	6,826450081	0,003304582
9,08E-05	20,48454977	9,04E-05	42,60781349	6,908674195	0,003312809
9,06E-05	20,48070095	9,04E-05	42,56973351	6,891491422	0,003311094
9,11E-05	20,49089143	9,04E-05	42,67204359	6,937098385	0,003315658
9,10E-05	20,48925421	9,04E-05	42,65607214	6,92981385	0,003314932
8,94E-05	20,45291008	9,03E-05	42,29302547	6,76731835	0,003298686
9,21E-05	20,51458101	9,05E-05	42,910122	7,043162135	0,003326273
9,00E-05	20,46650838	9,04E-05	42,42977424	6,828219946	0,003304781
8,95E-05	20,45464881	9,03E-05	42,31154721	6,775229166	0,003299484
8,94E-05	20,45273233	9,03E-05	42,2927404	6,766706587	0,003298634
9,16E-05	20,50170682	9,04E-05	42,78283167	6,985776279	0,003320542
9,02E-05	20,47139476	9,04E-05	42,48004498	6,850266274	0,003306993
9,31E-05	20,53540201	9,05E-05	43,12043849	7,13656534	0,003335624
9,02E-05	20,47047819	9,04E-05	42,47150785	6,846267093	0,003306596
9,02E-05	20,47173418	9,04E-05	42,48436146	6,851933648	0,003307163
9,08E-05	20,48407234	9,04E-05	42,60802257	6,907160596	0,003312687
8,92E-05	20,44849233	9,03E-05	42,25248761	6,748090181	0,003296781
9,01E-05	20,46862726	9,04E-05	42,45408756	6,838183559	0,003305791
8,88E-05	20,43946753	9,03E-05	42,1627263	6,707823311	0,003292755
9,14E-05	20,49826112	9,04E-05	42,7508838	6,970800957	0,003319053
9,07E-05	20,4815568	9,04E-05	42,5840477	6,896140166	0,003311588
8,91E-05	20,44734813	9,03E-05	42,24215392	6,743195972	0,003296293
9,04E-05	20,47631586	9,04E-05	42,53201004	6,872783489	0,003309252
9,00E-05	20,46588008	9,04E-05	42,42781734	6,826151383	0,003304589
9,18E-05	20,50578892	9,04E-05	42,82705732	7,004665373	0,00332244
9,17E-05	20,50523236	9,04E-05	42,82163026	7,002210698	0,003322195
9,10E-05	20,48942926	9,04E-05	42,66372515	6,931569494	0,00331513
9,09E-05	20,48568907	9,04E-05	42,6264368	6,914873253	0,00331346
9,12E-05	20,49259921	9,04E-05	42,69563985	6,945804711	0,003316553
8,96E-05	20,45752972	9,03E-05	42,34503533	6,788995598	0,003300872
9,07E-05	20,48282796	9,04E-05	42,59809727	6,902157208	0,003312188
9,00E-05	20,46577536	9,04E-05	42,42764046	6,825918138	0,003304564
9,12E-05	20,4939933	9,04E-05	42,70987924	6,952133155	0,003317185
9,02E-05	20,47069092	9,04E-05	42,47690546	6,847940374	0,003306765
9,22E-05	20,51657085	9,05E-05	42,93574599	7,053138433	0,003327284
9,05E-05	20,47850991	9,04E-05	42,55516962	6,882939725	0,003310264
9,16E-05	20,50308909	9,04E-05	42,80098673	6,992874399	0,003321257
9,03E-05	20,47385942	9,04E-05	42,50870816	6,8621669	0,003308186
8,89E-05	20,44107726	9,03E-05	42,18089808	6,71557059	0,003293525
9,07E-05	20,48281676	9,04E-05	42,59829843	6,902243719	0,003312192
9,02E-05	20,47020385	9,04E-05	42,47216897	6,845843979	0,003306552
8,90E-05	20,4435706	9,03E-05	42,20583099	6,726741988	0,003294641
9,06E-05	20,47977377	9,04E-05	42,56785247	6,888651663	0,003310832
9,06E-05	20,48071034	9,04E-05	42,57720379	6,892843087	0,00331125
9,00E-05	20,46645513	9,04E-05	42,43463349	6,829093613	0,003304875
9,18E-05	20,50543813	9,04E-05	42,82444195	7,003431572	0,003322308
8,96E-05	20,45681644	9,03E-05	42,33820055	6,785988418	0,003300564
8,94E-05	20,45370536	9,03E-05	42,30706279	6,772074	0,003299172
9,04E-05	20,47459904	9,04E-05	42,51597037	6,865511236	0,003308515
9,08E-05	20,48351234	9,04E-05	42,60507238	6,905369822	0,003312501
8,99E-05	20,46328317	9,04E-05	42,40274812	6,814898567	0,003303453
9,01E-05	20,46866129	9,04E-05	42,45649568	6,838945999	0,003305858
8,93E-05	20,45046553	9,03E-05	42,27450342	6,757567196	0,00329772
9,24E-05	20,519703	9,05E-05	42,96684294	7,067201217	0,003328683
9,23E-05	20,51813821	9,05E-05	42,95115951	7,060197464	0,003327982
8,89E-05	20,44064873	9,03E-05	42,17622906	6,713647792	0,003293327
9,23E-05	20,51803848	9,05E-05	42,95009108	7,059738807	0,003327936
8,95E-05	20,45464528	9,03E-05	42,31612373	6,776228983	0,003299585
9,01E-05	20,46787858	9,04E-05	42,44842196	6,835403121	0,003305502
9,09E-05	20,48709845	9,04E-05	42,6405865	6,921349838	0,003314097
9,01E-05	20,46743506	9,04E-05	42,44391933	6,833405258	0,003305302
9,17E-05	20,50462504	9,04E-05	42,81578665	6,999716556	0,003321933
9,16E-05	20,50202242	9,04E-05	42,78972898	6,988069896	0,003320768
8,88E-05	20,43900652	9,03E-05	42,15953975	6,706246893	0,003292586
8,93E-05	20,45082112	9,03E-05	42,27765666	6,759076077	0,003297869
8,96E-05	20,45770653	9,03E-05	42,34648294	6,789861318	0,003300948
9,08E-05	20,48411489	9,04E-05	42,61054011	6,907955977	0,003312757
8,99E-05	20,46501315	9,04E-05	42,41949759	6,822523375	0,003304214
9,11E-05	20,49049821	9,04E-05	42,67432455	6,936489194	0,00331561
9,06E-05	20,47980314	9,04E-05	42,56735166	6,888652729	0,003310827
8,94E-05	20,45196955	9,03E-05	42,28899494	6,764170632	0,003298379
9,05E-05	20,47783951	9,04E-05	42,54767529	6,879858372	0,003309947
8,96E-05	20,45798622	9,03E-05	42,34912452	6,791065714	0,003301068
8,97E-05	20,46065143	9,03E-05	42,37576026	6,802979119	0,00330226
9,18E-05	20,50590674	9,04E-05	42,82829834	7,005361452	0,003322498
8,87E-05	20,43787541	9,03E-05	42,1479715	6,701110814	0,003292073
8,84E-05	20,42966387	9,03E-05	42,0658439	6,664382662	0,0032884
9,09E-05	20,48571676	9,04E-05	42,62636192	6,91505404	0,003313467
8,88E-05	20,43995254	9,03E-05	42,16871014	6,710385725	0,003293001
9,02E-05	20,47157983	9,04E-05	42,48497475	6,851823052	0,003307145
9,06E-05	20,48020205	9,04E-05	42,57118986	6,890378851	0,003311
9,01E-05	20,4687453	9,04E-05	42,45661633	6,839138986	0,003305876
8,98E-05	20,46197558	9,03E-05	42,38891432	6,808860477	0,003302849
9,02E-05	20,47053996	9,04E-05	42,47455431	6,847158385	0,003306678
9,16E-05	20,50175215	9,04E-05	42,78667337	6,986740627	0,003320637
8,97E-05	20,46044332	9,03E-05	42,37358318	6,801999264	0,003302163
9,10E-05	20,4882693	9,04E-05	42,65184195	6,926438409	0,003314607
8,98E-05	20,46076558	9,03E-05	42,37680458	6,803435865	0,003302307
9,09E-05	20,48752511	9,04E-05	42,64440046	6,923106173	0,003314274
8,97E-05	20,45853163	9,03E-05	42,35446695	6,793441665	0,003301307
9,16E-05	20,50138842	9,04E-05	42,78303678	6,985101538	0,003320474
9,06E-05	20,47890602	9,04E-05	42,55821529	6,884555865	0,003310419
9,20E-05	20,51039422	9,05E-05	42,87310028	7,025374223	0,003324501
9,07E-05	20,48191495	9,04E-05	42,58831117	6,898010131	0,003311765
9,12E-05	20,49411342	9,04E-05	42,71029977	6,952562545	0,00331722
9,17E-05	20,50361669	9,04E-05	42,8053368	6,99506184	0,00332147
9,08E-05	20,48444159	9,04E-05	42,61359049	6,909307729	0,003312895
9,00E-05	20,46609406	9,04E-05	42,43012009	6,82725473	0,003304689
9,03E-05	20,47221271	9,04E-05	42,49131184	6,854617991	0,003307426
8,94E-05	20,45316635	9,03E-05	42,3008536	6,769439995	0,003298908
8,83E-05	20,42872771	9,03E-05	42,05647276	6,660147115	0,003287979
9,05E-05	20,47808299	9,04E-05	42,55003122	6,880870775	0,003310051
9,09E-05	20,48684902	9,04E-05	42,63769723	6,920073866	0,003313972
9,06E-05	20,48041714	9,04E-05	42,57338424	6,891309943	0,003311095
9,01E-05	20,46785796	9,04E-05	42,44779823	6,83514396	0,003305479
9,00E-05	20,46540084	9,04E-05	42,42323282	6,824155833	0,00330438
9,15E-05	20,50014713	9,04E-05	42,77070156	6,97954651	0,003319919
9,08E-05	20,4834771	9,04E-05	42,60400698	6,904996443	0,003312464
9,20E-05	20,51061891	9,05E-05	42,87543069	7,026378908	0,003324603
9,12E-05	20,49319388	9,04E-05	42,70118591	6,948452451	0,00331681
9,18E-05	20,50760495	9,04E-05	42,84530199	7,012901383	0,003323255
8,90E-05	20,44389238	9,03E-05	42,20818157	6,727970819	0,003294762
9,01E-05	20,46890771	9,04E-05	42,45833999	6,839843499	0,003305949
9,14E-05	20,49696869	9,04E-05	42,73895475	6,965336756	0,003318498
9,22E-05	20,51573491	9,05E-05	42,9266217	7,049262578	0,003326891
8,87E-05	20,43635543	9,03E-05	42,13283147	6,694267488	0,003291392
9,05E-05	20,47666789	9,04E-05	42,53596047	6,874551038	0,00330942
9,23E-05	20,51845395	9,05E-05	42,9538252	7,061424689	0,003328107
9,05E-05	20,47833366	9,04E-05	42,55262635	6,882002055	0,003310165
8,97E-05	20,46066527	9,03E-05	42,37594618	6,802987305	0,003302264
8,89E-05	20,4425498	9,03E-05	42,19479513	6,721973195	0,003294162
9,03E-05	20,47323351	9,04E-05	42,50163555	6,859195583	0,003307884
9,07E-05	20,48307145	9,04E-05	42,60001808	6,90319284	0,003312284
9,06E-05	20,47958146	9,04E-05	42,56512113	6,887585772	0,003310723
9,02E-05	20,47070917	9,04E-05	42,47640103	6,847908326	0,003306756
9,04E-05	20,47529581	9,04E-05	42,52226992	6,868420977	0,003308807
9,10E-05	20,48907859	9,04E-05	42,66010012	6,930060034	0,003314971
9,13E-05	20,49536222	9,04E-05	42,72293854	6,958161804	0,003317781
8,88E-05	20,43994794	9,03E-05	42,16879773	6,710342134	0,003292999
9,10E-05	20,48955947	9,04E-05	42,66491479	6,932212116	0,003315186
8,98E-05	20,46109209	9,03E-05	42,38024261	6,804902579	0,003302455
9,09E-05	20,48735993	9,04E-05	42,6429224	6,922376335	0,003314203
8,98E-05	20,46106319	9,03E-05	42,37995626	6,804774128	0,003302442
9,16E-05	20,50224906	9,04E-05	42,79181611	6,988963321	0,003320861
9,14E-05	20,4969537	9,04E-05	42,73886344	6,965282072	0,003318493
8,96E-05	20,45675416	9,03E-05	42,33686886	6,78550457	0,003300515
8,98E-05	20,4615006	9,03E-05	42,38433391	6,806731556	0,003302638
9,21E-05	20,5125444	9,05E-05	42,89477248	7,035006624	0,003325466
9,13E-05	20,4960379	9,04E-05	42,72970791	6,961187531	0,003318084
8,84E-05	20,43156284	9,03E-05	42,08495765	6,672846497	0,003289249
9,09E-05	20,48618771	9,04E-05	42,63120657	6,917136513	0,003313678
9,08E-05	20,48352313	9,04E-05	42,60456089	6,905220296	0,003312487
8,95E-05	20,45447415	9,03E-05	42,31407117	6,775309448	0,003299496
8,91E-05	20,446222	9,03E-05	42,23154965	6,738404828	0,003295805
9,07E-05	20,48246909	9,04E-05	42,59402045	6,900506832	0,003312015
8,92E-05	20,44799381	9,03E-05	42,24926746	6,746328751	0,003296598
9,10E-05	20,48963917	9,04E-05	42,66572084	6,932572519	0,003315222
9,03E-05	20,47320419	9,04E-05	42,50137074	6,859073082	0,003307872
8,86E-05	20,43590959	9,03E-05	42,12842433	6,692286539	0,003291193
9,12E-05	20,49275065	9,04E-05	42,69683458	6,946487501	0,003316614
8,95E-05	20,45426461	9,03E-05	42,31197372	6,774372666	0,003299402
8,99E-05	20,46322653	9,03E-05	42,40159252	6,814451582	0,00330341
9,23E-05	20,51712191	9,05E-05	42,94054582	7,055479	0,003327513
9,01E-05	20,46905787	9,04E-05	42,45990495	6,840530039	0,003306018
9,02E-05	20,47081768	9,04E-05	42,47750252	6,848400079	0,003306805
9,14E-05	20,49660671	9,04E-05	42,73539234	6,963732081	0,003318338
9,17E-05	20,50355568	9,04E-05	42,80488142	6,994808706	0,003321446
8,98E-05	20,4628564	9,03E-05	42,39788813	6,812795931	0,003303244
8,97E-05	20,45922515	9,03E-05	42,36157506	6,796556382	0,00330162
8,95E-05	20,45549465	9,03E-05	42,32426956	6,779873001	0,003299952
9,09E-05	20,48655019	9,04E-05	42,63482447	6,918757521	0,00331384
9,01E-05	20,46962566	9,04E-05	42,46557861	6,843068604	0,003306272
9,08E-05	20,48314547	9,04E-05	42,60077617	6,90353092	0,003312318
9,16E-05	20,50203549	9,04E-05	42,78967595	6,988009586	0,003320766
9,15E-05	20,49927917	9,04E-05	42,76211222	6,975682823	0,003319533
8,95E-05	20,45564677	9,03E-05	42,32578773	6,780552686	0,00330002
8,95E-05	20,45450217	9,03E-05	42,31434124	6,775433759	0,003299508
9,11E-05	20,49034357	9,04E-05	42,67275487	6,935721294	0,003315537
9,09E-05	20,48551208	9,04E-05	42,6244395	6,914114087	0,003313376
9,12E-05	20,49287097	9,04E-05	42,69802807	6,947023972	0,003316667
9,07E-05	20,48205261	9,04E-05	42,58984409	6,898642693	0,003311829
8,88E-05	20,43923643	9,03E-05	42,16168193	6,70716281	0,003292681
8,95E-05	20,45413166	9,03E-05	42,31063392	6,773776219	0,003299342
8,98E-05	20,46098545	9,03E-05	42,37917147	6,804427189	0,003302407
9,00E-05	20,46723757	9,04E-05	42,44169242	6,832387448	0,003305203
9,05E-05	20,47651765	9,04E-05	42,53449286	6,8738891	0,003309354
9,03E-05	20,47365775	9,04E-05	42,50589363	6,86109916	0,003308075
8,98E-05	20,46097523	9,03E-05	42,37906821	6,804381132	0,003302403
9,06E-05	20,48009581	9,04E-05	42,57027387	6,889890915	0,003310954
9,05E-05	20,47751664	9,04E-05	42,54448193	6,87835642	0,0033098
9,02E-05	20,46972125	9,04E-05	42,46652784	6,843494296	0,003306314
9,00E-05	20,46597731	9,04E-05	42,42908829	6,826750821	0,00330464
8,90E-05	20,44381776	9,03E-05	42,20749267	6,727650244	0,00329473
9,15E-05	20,49878786	9,04E-05	42,75719357	6,973483952	0,003319313
9,16E-05	20,50310737	9,04E-05	42,80038864	6,99280136	0,003321245
9,09E-05	20,48561692	9,04E-05	42,62548404	6,914581633	0,003313423
8,94E-05	20,45333612	9,03E-05	42,30267594	6,770217442	0,003298986
9,08E-05	20,48482401	9,04E-05	42,61755484	6,911035545	0,003313068
8,91E-05	20,44668598	9,03E-05	42,23617446	6,740477032	0,003296012
9,06E-05	20,48045536	9,04E-05	42,57386824	6,891498254	0,003311115
9,08E-05	20,48414027	9,04E-05	42,61071741	6,907977678	0,003312762
9,14E-05	20,49802919	9,04E-05	42,74960655	6,970090756	0,003318974
9,16E-05	20,50175807	9,04E-05	42,7868954	6,986766809	0,003320641
9,12E-05	20,49218399	9,04E-05	42,69115466	6,943950212	0,00331636
8,92E-05	20,44833796	9,03E-05	42,25269436	6,747864771	0,003296751
9,14E-05	20,49711443	9,04E-05	42,74045905	6,965999741	0,003318565
8,94E-05	20,45180376	9,03E-05	42,2873524	6,763364248	0,003298301
8,93E-05	20,45108954	9,03E-05	42,28021026	6,760170153	0,003297982
9,33E-05	20,53929278	9,05E-05	43,16224276	7,154627044	0,003337427
9,01E-05	20,46873437	9,04E-05	42,45665876	6,839080249	0,003305873
8,99E-05	20,46379723	9,04E-05	42,40728738	6,817000661	0,003303665
9,08E-05	20,48409984	9,04E-05	42,61031352	6,907796675	0,003312744
8,96E-05	20,45811302	9,03E-05	42,35044544	6,791580103	0,003301123
9,09E-05	20,487532	9,04E-05	42,64463532	6,923145781	0,003314279
9,02E-05	20,47150851	9,04E-05	42,4844005	6,85148656	0,003307113
9,02E-05	20,47121416	9,04E-05	42,48145712	6,850170204	0,003306982
8,98E-05	20,46104262	9,03E-05	42,37974171	6,804681659	0,003302433
9,05E-05	20,47696635	9,04E-05	42,53897913	6,875894768	0,003309554
8,93E-05	20,44983596	9,03E-05	42,26767534	6,754563996	0,003297421
9,13E-05	20,4961243	9,04E-05	42,73055881	6,961571745	0,003318122
8,98E-05	20,46179936	9,03E-05	42,3873095	6,808065963	0,003302771
8,99E-05	20,46340369	9,04E-05	42,40335282	6,815240725	0,003303489
8,94E-05	20,45273765	9,03E-05	42,29669257	6,767540784	0,003298719
8,99E-05	20,46494468	9,04E-05	42,4187629	6,822132273	0,003304178
9,20E-05	20,51140906	9,05E-05	42,88340679	7,029927315	0,003324957
9,09E-05	20,48658061	9,04E-05	42,63512234	6,918891111	0,003313854
8,83E-05	20,42726343	9,03E-05	42,04195061	6,653616628	0,003287326
8,95E-05	20,45570621	9,03E-05	42,32637856	6,780816652	0,003300046
9,00E-05	20,46523818	9,04E-05	42,42169826	6,823444902	0,003304309
8,93E-05	20,45169875	9,03E-05	42,28630408	6,762894768	0,003298254
9,00E-05	20,46691654	9,04E-05	42,43848205	6,830950807	0,00330506
8,97E-05	20,4596666	9,03E-05	42,3659827	6,798528098	0,003301818
9,14E-05	20,49685493	9,04E-05	42,73786598	6,964839342	0,003318449
8,98E-05	20,46181255	9,03E-05	42,38744226	6,808125079	0,003302777
8,91E-05	20,44613278	9,03E-05	42,23064458	6,738003014	0,003295765
9,07E-05	20,48101322	9,04E-05	42,57944904	6,893993101	0,003311364
8,90E-05	20,44452776	9,03E-05	42,21459447	6,730825167	0,003295047
9,05E-05	20,47679763	9,04E-05	42,53729323	6,875140431	0,003309479
9,18E-05	20,50580696	9,04E-05	42,82738658	7,004874112	0,003322452
9,05E-05	20,47814844	9,04E-05	42,55080145	6,881181475	0,003310083
9,12E-05	20,49264063	9,04E-05	42,69572331	6,945992494	0,003316564
9,06E-05	20,47925325	9,04E-05	42,56184952	6,886122311	0,003310577
9,00E-05	20,46529646	9,04E-05	42,4222817	6,823705683	0,003304335
9,16E-05	20,50197643	9,04E-05	42,78908136	6,987743475	0,003320739
8,86E-05	20,43555661	9,03E-05	42,12488321	6,690705026	0,003291035
9,33E-05	20,54058561	9,05E-05	43,1751733	7,160409033	0,003338006
9,06E-05	20,47888264	9,04E-05	42,55814353	6,88446493	0,003310411
9,10E-05	20,48963964	9,04E-05	42,66571361	6,932571731	0,003315222
8,99E-05	20,46510662	9,04E-05	42,42038342	6,822856731	0,00330425
8,92E-05	20,44908279	9,03E-05	42,26014505	6,751195956	0,003297084
8,85E-05	20,43283277	9,03E-05	42,09764495	6,678523704	0,003289817
9,18E-05	20,50620669	9,04E-05	42,83138409	7,006661822	0,003322631
8,89E-05	20,44170738	9,03E-05	42,18639103	6,718212155	0,003293786
8,96E-05	20,45662298	9,03E-05	42,33554703	6,78491675	0,003300456
9,02E-05	20,47031853	9,04E-05	42,47250251	6,846165104	0,003306581
8,92E-05	20,44950503	9,03E-05	42,26436753	6,753084311	0,003297273
9,06E-05	20,47874441	9,04E-05	42,55676135	6,883846805	0,003310349
9,04E-05	20,47539118	9,04E-05	42,523229	6,868850683	0,00330885
8,97E-05	20,45882053	9,03E-05	42,3575225	6,794744489	0,003301439
9,08E-05	20,48493779	9,04E-05	42,61869512	6,911544438	0,003313119
8,93E-05	20,45063332	9,03E-05	42,2756504	6,758130176	0,003297778
8,97E-05	20,45943472	9,03E-05	42,36366438	6,797491227	0,003301714
9,12E-05	20,4929066	9,04E-05	42,69838324	6,947182056	0,003316683
9,05E-05	20,47778485	9,04E-05	42,54716571	6,879555522	0,00330992
9,08E-05	20,48375015	9,04E-05	42,60681869	6,906233151	0,003312588
9,17E-05	20,50353789	9,04E-05	42,80469611	6,994726624	0,003321437
9,08E-05	20,48479116	9,04E-05	42,61722879	6,910888693	0,003313054
9,03E-05	20,47204592	9,04E-05	42,48977636	6,853890238	0,003307354
9,07E-05	20,48142672	9,04E-05	42,58358435	6,895842448	0,003311549
9,10E-05	20,48910143	9,04E-05	42,66033145	6,930164798	0,003314981
8,86E-05	20,43500932	9,03E-05	42,11941036	6,688257532	0,003290791
9,02E-05	20,470219	9,04E-05	42,47150716	6,84572001	0,003306537
8,91E-05	20,44707456	9,03E-05	42,24006274	6,742214922	0,003296186
9,10E-05	20,48760511	9,04E-05	42,64536822	6,923473044	0,003314312
9,13E-05	20,49559586	9,04E-05	42,72527571	6,959208763	0,003317886
9,15E-05	20,50001984	9,04E-05	42,76951545	6,97899338	0,003319864
8,95E-05	20,45445404	9,03E-05	42,31385751	6,775216955	0,003299486
8,99E-05	20,46319694	9,03E-05	42,40128648	6,814316378	0,003303396
9,16E-05	20,50114068	9,04E-05	42,78072387	6,984005942	0,003320365
9,06E-05	20,47920521	9,04E-05	42,56136916	6,885907536	0,003310556
9,00E-05	20,46657451	9,04E-05	42,43506213	6,829421316	0,003304907
9,02E-05	20,47071646	9,04E-05	42,47648168	6,847944701	0,003306759
9,05E-05	20,47849848	9,04E-05	42,55430183	6,882746934	0,003310239
9,12E-05	20,49253263	9,04E-05	42,69464337	6,945509576	0,003316516
8,99E-05	20,46433438	9,04E-05	42,41266079	6,819403137	0,003303905
8,96E-05	20,45650955	9,03E-05	42,3344125	6,784409436	0,003300406
9,04E-05	20,47622766	9,04E-05	42,53159367	6,872591537	0,003309224
9,06E-05	20,4788389	9,04E-05	42,55770599	6,884269325	0,003310392
9,03E-05	20,47346867	9,04E-05	42,50400371	6,860252933	0,00330799
9,10E-05	20,48979958	9,04E-05	42,66731284	6,933286998	0,003315293
9,29E-05	20,53190963	9,05E-05	43,0884133	7,121608851	0,003334126
9,16E-05	20,5010435	9,04E-05	42,77975201	6,983571325	0,003320322
8,91E-05	20,44568497	9,03E-05	42,22616675	6,73600047	0,003295565
9,00E-05	20,46555075	9,04E-05	42,42482446	6,8248429	0,003304449
8,85E-05	20,43341466	9,03E-05	42,10346359	6,681125947	0,003290077
8,95E-05	20,45461755	9,03E-05	42,31549254	6,775948176	0,00329956
9,15E-05	20,50095689	9,04E-05	42,7788859	6,983183987	0,003320283
9,20E-05	20,5107655	9,05E-05	42,87697196	7,027049408	0,00332467
9,27E-05	20,52655793	9,05E-05	43,03489633	7,097675331	0,003331732
8,96E-05	20,45650469	9,03E-05	42,33436388	6,784387697	0,003300404
9,12E-05	20,49379638	9,04E-05	42,70728083	6,951161225	0,003317081
8,98E-05	20,46188604	9,03E-05	42,38817742	6,808453843	0,00330281
9,17E-05	20,50519795	9,04E-05	42,8212965	7,002150583	0,00332218
9,15E-05	20,50040386	9,04E-05	42,77335559	6,980710757	0,003320036
9,00E-05	20,46625089	9,04E-05	42,43182587	6,82797402	0,003304762
8,80E-05	20,42149214	9,03E-05	41,98423839	6,627806816	0,003284745
9,03E-05	20,47289589	9,04E-05	42,49827589	6,857691373	0,003307734
8,92E-05	20,44736249	9,03E-05	42,24294187	6,743502527	0,003296315
8,93E-05	20,45048131	9,03E-05	42,27413009	6,757450325	0,00329771
8,99E-05	20,4648679	9,04E-05	42,41799599	6,821789108	0,003304144
8,89E-05	20,44068056	9,03E-05	42,17612263	6,713620052	0,003293327
9,20E-05	20,51189162	9,05E-05	42,88823321	7,032085586	0,003325173
9,01E-05	20,46899488	9,04E-05	42,45926583	6,84024554	0,003305989
8,96E-05	20,45667036	9,03E-05	42,33602064	6,785128616	0,003300478
9,03E-05	20,47299049	9,04E-05	42,49922186	6,858114419	0,003307776
8,88E-05	20,43904158	9,03E-05	42,1597328	6,706290296	0,003292594
9,15E-05	20,50080951	9,04E-05	42,77741213	6,982524891	0,003320217
8,97E-05	20,45997588	9,03E-05	42,36907582	6,799911338	0,003301956
9,08E-05	20,48334173	9,04E-05	42,60273432	6,904406595	0,003312405
9,02E-05	20,47052667	9,04E-05	42,4745837	6,847095895	0,003306674
8,88E-05	20,43897888	9,03E-05	42,15910577	6,706009877	0,003292566
8,94E-05	20,45324463	9,03E-05	42,30176331	6,769808267	0,003298946
9,05E-05	20,47763449	9,04E-05	42,54566194	6,878883049	0,003309853
9,13E-05	20,49469845	9,04E-05	42,71630147	6,955195367	0,003317484
9,07E-05	20,48251027	9,04E-05	42,59441973	6,900688196	0,003312034
9,11E-05	20,49172498	9,04E-05	42,68656683	6,941897634	0,003316155
8,95E-05	20,45423965	9,03E-05	42,3117135	6,774258126	0,003299391
9,19E-05	20,50804775	9,05E-05	42,84979448	7,014895254	0,003323454
9,25E-05	20,52276615	9,05E-05	42,99697847	7,080717937	0,003330037
9,15E-05	20,49998548	9,04E-05	42,76917181	6,978839702	0,003319849
8,89E-05	20,44264527	9,03E-05	42,19576976	6,722406507	0,003294205
9,08E-05	20,48429037	9,04E-05	42,61222076	6,908649057	0,00331283
9,07E-05	20,48271174	9,04E-05	42,5964344	6,901589183	0,003312124
8,99E-05	20,46323338	9,03E-05	42,40165079	6,814479305	0,003303413
9,03E-05	20,4727825	9,04E-05	42,49714202	6,857184281	0,003307683
8,97E-05	20,459769	9,03E-05	42,36700702	6,798986139	0,003301863
9,06E-05	20,47950555	9,04E-05	42,56437257	6,887250695	0,00331069
9,05E-05	20,47695829	9,04E-05	42,53889996	6,875858995	0,003309551
9,11E-05	20,49085164	9,04E-05	42,67783344	6,937991938	0,003315764
9,05E-05	20,47676593	9,04E-05	42,53697635	6,874998732	0,003309465
9,04E-05	20,47466753	9,04E-05	42,51599228	6,865614371	0,003308526
9,06E-05	20,48057618	9,04E-05	42,57507881	6,892038672	0,003311169
8,99E-05	20,46487301	9,04E-05	42,4180471	6,821811953	0,003304146
8,86E-05	20,4341083	9,03E-05	42,11040003	6,684228002	0,003290388
9,09E-05	20,48654372	9,04E-05	42,6347542	6,918726315	0,003313837
9,00E-05	20,46685202	9,04E-05	42,43783725	6,83066238	0,003305031
9,05E-05	20,47795355	9,04E-05	42,54885248	6,8803099	0,003309996
9,12E-05	20,49284866	9,04E-05	42,69780366	6,946922892	0,003316657
8,98E-05	20,4609217	9,03E-05	42,37853407	6,804141192	0,003302379
8,92E-05	20,44807172	9,03E-05	42,25003421	6,746674306	0,003296632
8,83E-05	20,42816543	9,03E-05	42,05097136	6,657650694	0,00328773
8,94E-05	20,45296545	9,03E-05	42,2989715	6,768559728	0,003298821
9,15E-05	20,50045023	9,04E-05	42,77381934	6,980918135	0,003320057
9,04E-05	20,4756805	9,04E-05	42,52612202	6,87014453	0,003308979
9,10E-05	20,48957134	9,04E-05	42,66503041	6,932266248	0,003315191
9,20E-05	20,51000611	9,05E-05	42,86937809	7,023653308	0,00332433
8,98E-05	20,46277774	9,03E-05	42,39709445	6,812441645	0,003303209
9,11E-05	20,49010941	9,04E-05	42,67041116	6,934672592	0,003315432
9,21E-05	20,5132394	9,05E-05	42,90171103	7,038113038	0,003325776
8,91E-05	20,44625207	9,03E-05	42,2318377	6,73853658	0,003295818
8,92E-05	20,4495394	9,03E-05	42,26471105	6,75323799	0,003297289
9,01E-05	20,46776906	9,04E-05	42,44700762	6,834763493	0,003305441
9,06E-05	20,47869104	9,04E-05	42,55622748	6,8836081	0,003310326
8,94E-05	20,45288161	9,03E-05	42,29813317	6,768184816	0,003298783
8,96E-05	20,45759465	9,03E-05	42,34526353	6,789262154	0,003300891
8,80E-05	20,4216649	9,03E-05	41,98596603	6,628579427	0,003284823
8,87E-05	20,43627894	9,03E-05	42,13210643	6,693935401	0,003291358
9,05E-05	20,47674852	9,04E-05	42,53680222	6,87492086	0,003309457
9,20E-05	20,51184413	9,05E-05	42,88775836	7,031873217	0,003325152
8,97E-05	20,46011467	9,03E-05	42,37046374	6,800532031	0,003302018
9,24E-05	20,52056694	9,05E-05	42,97498639	7,070882777	0,003329053
9,00E-05	20,46700376	9,04E-05	42,43935462	6,831340969	0,003305099
8,94E-05	20,45202134	9,03E-05	42,28953039	6,764337537	0,003298399
9,12E-05	20,49272457	9,04E-05	42,69656272	6,946367929	0,003316602
8,91E-05	20,44593058	9,03E-05	42,22862285	6,737098856	0,003295675
9,25E-05	20,52269143	9,05E-05	42,99623129	7,080383785	0,003330003
8,96E-05	20,45715696	9,03E-05	42,34088658	6,787304723	0,003300695
9,01E-05	20,46929017	9,04E-05	42,46221877	6,841566127	0,003306121
9,04E-05	20,47426491	9,04E-05	42,51196612	6,863813816	0,003308346
8,89E-05	20,44250771	9,03E-05	42,1943941	6,721791292	0,003294144
9,12E-05	20,49217591	9,04E-05	42,69107618	6,943914271	0,003316356
9,01E-05	20,46855928	9,04E-05	42,45490984	6,838297475	0,003305794
9,25E-05	20,52280512	9,05E-05	42,99736826	7,080892254	0,003330054
8,92E-05	20,44874909	9,03E-05	42,25680791	6,749703597	0,003296935
9,04E-05	20,47469287	9,04E-05	42,51624577	6,865727736	0,003308538
8,92E-05	20,44917973	9,03E-05	42,2611143	6,751629475	0,003297128
8,96E-05	20,45807823	9,03E-05	42,35009931	6,791424779	0,003301107
9,02E-05	20,47024003	9,04E-05	42,47171738	6,845814034	0,003306546
9,01E-05	20,46852859	9,04E-05	42,45460296	6,838160232	0,003305781
8,94E-05	20,45291388	9,03E-05	42,29845578	6,768329093	0,003298798
9,08E-05	20,48360112	9,04E-05	42,60532819	6,905566605	0,003312521
9,31E-05	20,53465044	9,05E-05	43,11582147	7,133866139	0,003335351
9,00E-05	20,46611487	9,04E-05	42,4304657	6,827365722	0,003304701
9,03E-05	20,47344333	9,04E-05	42,50375036	6,86013962	0,003307979
8,86E-05	20,43606482	9,03E-05	42,12996524	6,69297783	0,003291263
9,17E-05	20,50336	9,04E-05	42,80291704	6,993931026	0,003321358
8,98E-05	20,46167915	9,03E-05	42,38610855	6,807528604	0,003302718
8,93E-05	20,45146775	9,03E-05	42,28399449	6,761861806	0,003298151
8,90E-05	20,44345897	9,03E-05	42,20390675	6,726045479	0,003294569
9,12E-05	20,49359384	9,04E-05	42,70525539	6,950255409	0,00331699
9,06E-05	20,48028508	9,04E-05	42,57216782	6,890736835	0,003311038
8,83E-05	20,42846664	9,03E-05	42,05398343	6,658997735	0,003287865
9,21E-05	20,51217233	9,05E-05	42,89104034	7,033340962	0,003325299
8,98E-05	20,46169472	9,03E-05	42,38626427	6,807598243	0,003302725
8,96E-05	20,45715026	9,03E-05	42,34081965	6,787274792	0,003300692
8,98E-05	20,46141852	9,03E-05	42,38350218	6,806362999	0,003302601
9,08E-05	20,48334178	9,04E-05	42,60273478	6,904406798	0,003312405
8,96E-05	20,45718397	9,03E-05	42,34115678	6,787425558	0,003300707
9,08E-05	20,48330788	9,04E-05	42,60239579	6,904255194	0,00331239
9,12E-05	20,49349271	9,04E-05	42,70424413	6,949803157	0,003316945
9,08E-05	20,48527006	9,04E-05	42,62201768	6,913030371	0,003313268
9,10E-05	20,48836446	9,04E-05	42,65296162	6,926868922	0,003314652
9,09E-05	20,48542111	9,04E-05	42,62352813	6,913705865	0,003313335
9,10E-05	20,48859891	9,04E-05	42,65530613	6,927917418	0,003314756
8,86E-05	20,43513252	9,03E-05	42,12064222	6,68880845	0,003290846
9,00E-05	20,46685226	9,04E-05	42,43783961	6,830663435	0,003305031
9,01E-05	20,46965557	9,04E-05	42,46587273	6,843200228	0,003306285
9,17E-05	20,5044454	9,04E-05	42,81377104	6,998785081	0,003321843
8,87E-05	20,43771043	9,03E-05	42,14642135	6,700337229	0,003291998
9,03E-05	20,47335906	9,04E-05	42,50290765	6,859762746	0,003307941
8,99E-05	20,46420405	9,04E-05	42,41135756	6,818820303	0,003303847
9,06E-05	20,48061281	9,04E-05	42,5754451	6,892202481	0,003311185
9,10E-05	20,48919606	9,04E-05	42,66127763	6,930587957	0,003315024
9,12E-05	20,49292879	9,04E-05	42,69860489	6,947281213	0,003316693
8,97E-05	20,4588654	9,03E-05	42,357971	6,794945108	0,003301459
8,97E-05	20,45973971	9,03E-05	42,36671411	6,798855144	0,00330185
8,94E-05	20,45260927	9,03E-05	42,29540974	6,766966863	0,003298661
9,14E-05	20,4979059	9,04E-05	42,74837602	6,969539541	0,003318919
9,03E-05	20,47342796	9,04E-05	42,50359664	6,860070875	0,003307972
8,96E-05	20,45631266	9,03E-05	42,33244361	6,783528912	0,003300318
9,23E-05	20,5184609	9,05E-05	42,95392605	7,061464309	0,003328111
9,02E-05	20,47180004	9,04E-05	42,48731746	6,852790601	0,003307244
9,04E-05	20,47506465	9,04E-05	42,51996349	6,867390352	0,003308704
8,97E-05	20,45965131	9,03E-05	42,36583012	6,798459812	0,003301811
8,99E-05	20,46297998	9,03E-05	42,39911687	6,813346101	0,003303299
9,11E-05	20,49063017	9,04E-05	42,67561871	6,937001482	0,003315665
8,91E-05	20,44641046	9,03E-05	42,23342166	6,739244947	0,003295889
9,17E-05	20,50377594	9,04E-05	42,80707642	6,995791156	0,003321544
9,09E-05	20,48660011	9,04E-05	42,63531808	6,918978492	0,003313863
8,97E-05	20,45863014	9,03E-05	42,3556184	6,793892994	0,003301354
9,03E-05	20,47231878	9,04E-05	42,4925048	6,855110449	0,003307476
8,96E-05	20,45753628	9,03E-05	42,3446798	6,7890011	0,003300865
9,14E-05	20,4979482	9,04E-05	42,74879904	6,96972872	0,003318938
9,10E-05	20,48902787	9,04E-05	42,65959568	6,929835766	0,003314948
8,97E-05	20,4599245	9,03E-05	42,36856199	6,799681543	0,003301933
9,02E-05	20,4709064	9,04E-05	42,47838102	6,848794104	0,003306844
9,15E-05	20,49933539	9,04E-05	42,7626709	6,975932406	0,003319558
9,00E-05	20,46592546	9,04E-05	42,42857163	6,826518666	0,003304617
9,02E-05	20,46974951	9,04E-05	42,4668121	6,843620326	0,003306327
9,01E-05	20,46892966	9,04E-05	42,4586136	6,839953845	0,00330596
8,91E-05	20,44650075	9,03E-05	42,2343245	6,739648712	0,00329593
9,00E-05	20,4673665	9,04E-05	42,44298198	6,832963175	0,003305261
9,21E-05	20,5136121	9,05E-05	42,90543807	7,039779822	0,003325943
8,88E-05	20,43923142	9,03E-05	42,16163124	6,707139297	0,003292679
9,14E-05	20,49739443	9,04E-05	42,74326128	6,967252158	0,00331869
9,16E-05	20,50172767	9,04E-05	42,78659368	6,986630998	0,003320628
8,88E-05	20,43994979	9,03E-05	42,16881489	6,710351925	0,003293
9,12E-05	20,49380357	9,04E-05	42,70735273	6,951193366	0,003317084
8,96E-05	20,4572983	9,03E-05	42,34230002	6,78793683	0,003300758
9,12E-05	20,49359689	9,04E-05	42,70528597	6,950269082	0,003316992
8,97E-05	20,46034327	9,03E-05	42,37274972	6,801554352	0,00330212
9,11E-05	20,49033171	9,04E-05	42,67263411	6,935666729	0,003315531
9,10E-05	20,48865606	9,04E-05	42,65587763	6,928173002	0,003314782
9,10E-05	20,48871508	9,04E-05	42,65646783	6,928436948	0,003314808
8,90E-05	20,44321521	9,03E-05	42,20146911	6,724955334	0,00329446
8,92E-05	20,44854983	9,03E-05	42,25481529	6,748812469	0,003296846
9,17E-05	20,50517373	9,04E-05	42,82105432	7,002042262	0,003322169
9,03E-05	20,47235651	9,04E-05	42,49288209	6,855279181	0,003307493
8,80E-05	20,42195635	9,03E-05	41,98888049	6,629882815	0,003284953
8,96E-05	20,45732663	9,03E-05	42,34258329	6,788063515	0,003300771
9,03E-05	20,47340009	9,04E-05	42,50331797	6,859946249	0,003307959
8,92E-05	20,44880158	9,03E-05	42,25733279	6,749938331	0,003296959
9,18E-05	20,50751714	9,04E-05	42,84448844	7,012522319	0,003323217
9,06E-05	20,48042764	9,04E-05	42,57359342	6,891374387	0,003311102
9,02E-05	20,47145089	9,04E-05	42,48382594	6,851229147	0,003307088
9,03E-05	20,47229399	9,04E-05	42,4922569	6,854999588	0,003307465
8,89E-05	20,44228964	9,03E-05	42,19221344	6,720816071	0,003294046
9,09E-05	20,48534314	9,04E-05	42,62274842	6,913357168	0,0033133
8,98E-05	20,46159976	9,03E-05	42,3853146	6,807173536	0,003302682
9,07E-05	20,48154443	9,04E-05	42,5847613	6,896368811	0,003311602
9,14E-05	20,49747132	9,04E-05	42,74403018	6,967596023	0,003318724
8,91E-05	20,44554652	9,03E-05	42,22478222	6,735381271	0,003295503
9,08E-05	20,48463236	9,04E-05	42,61564059	6,91017845	0,003312983
9,00E-05	20,46576437	9,04E-05	42,4269607	6,825798237	0,003304545
8,98E-05	20,46083065	9,03E-05	42,3776235	6,803733973	0,003302338
9,16E-05	20,50155745	9,04E-05	42,78489148	6,985869752	0,003320552
9,14E-05	20,49708936	9,04E-05	42,74021063	6,965887865	0,003318554
9,04E-05	20,47448204	9,04E-05	42,51413743	6,864784858	0,003308443
8,95E-05	20,45610939	9,03E-05	42,33041096	6,782619884	0,003300227
8,92E-05	20,44830857	9,03E-05	42,25240274	6,747733546	0,003296738
8,96E-05	20,45758034	9,03E-05	42,34512046	6,789198169	0,003300885
9,05E-05	20,47752944	9,04E-05	42,54461147	6,878413264	0,003309806
9,16E-05	20,50230149	9,04E-05	42,79233195	6,989197227	0,003320884
9,14E-05	20,49842042	9,04E-05	42,75352123	6,971840548	0,003319149
8,86E-05	20,4354691	9,03E-05	42,12400806	6,690313699	0,003290996
8,98E-05	20,46231907	9,03E-05	42,39250775	6,810390412	0,003303004
9,01E-05	20,46890061	9,04E-05	42,45832311	6,839823934	0,003305947
9,17E-05	20,50385658	9,04E-05	42,80788278	6,996151773	0,00332158
8,90E-05	20,44434029	9,03E-05	42,21271988	6,729986832	0,003294963
9,07E-05	20,48277047	9,04E-05	42,59702175	6,90185185	0,00331215
9,17E-05	20,50411519	9,04E-05	42,81046896	6,997308348	0,003321696
8,92E-05	20,44760831	9,03E-05	42,24540018	6,744601904	0,003296425
9,10E-05	20,48799835	9,04E-05	42,64930055	6,925231641	0,003314488
9,10E-05	20,48807609	9,04E-05	42,65007789	6,925579278	0,003314523
9,01E-05	20,4681363	9,04E-05	42,45068007	6,836405864	0,003305605
8,94E-05	20,45379251	9,03E-05	42,30724212	6,772258462	0,003299191
9,01E-05	20,46878494	9,04E-05	42,45716644	6,839306658	0,003305895
9,22E-05	20,51468037	9,05E-05	42,91612073	7,044557256	0,00332642
9,04E-05	20,47549802	9,04E-05	42,52429719	6,869328438	0,003308898
9,07E-05	20,4819991	9,04E-05	42,58930799	6,898402153	0,003311805
9,09E-05	20,48735737	9,04E-05	42,64289071	6,922365076	0,003314201
8,89E-05	20,44175566	9,03E-05	42,18687364	6,71842804	0,003293808
9,06E-05	20,48071503	9,04E-05	42,57646735	6,892659646	0,003311231
9,21E-05	20,51420536	9,05E-05	42,91137068	7,042432965	0,003326208
8,86E-05	20,43518347	9,03E-05	42,12115176	6,689036321	0,003290868
9,20E-05	20,51111344	9,05E-05	42,88045146	7,028605472	0,003324825
8,80E-05	20,42180858	9,03E-05	41,9874028	6,629221969	0,003284887
8,95E-05	20,45526787	9,03E-05	42,32199572	6,778856474	0,00329985
8,97E-05	20,45906908	9,03E-05	42,36000782	6,795855999	0,00330155
9,12E-05	20,49394047	9,04E-05	42,70872172	6,951805597	0,003317145
8,91E-05	20,44573246	9,03E-05	42,22664162	6,736212823	0,003295586
9,16E-05	20,50145154	9,04E-05	42,7838324	6,985396114	0,003320504
8,87E-05	20,4366953	9,03E-05	42,13626999	6,695797399	0,003291544
8,98E-05	20,46162792	9,03E-05	42,38559628	6,807299507	0,003302695
9,26E-05	20,52403911	9,05E-05	43,00970818	7,086410832	0,003330606
8,95E-05	20,45622398	9,03E-05	42,33155684	6,783132336	0,003300278
9,23E-05	20,51868397	9,05E-05	42,95615672	7,062461893	0,003328211
8,81E-05	20,42326512	9,03E-05	42,00196825	6,635735839	0,003285538
8,94E-05	20,45248208	9,03E-05	42,29413788	6,766398066	0,003298605
9,05E-05	20,47710799	9,04E-05	42,54039689	6,876528446	0,003309618
9,18E-05	20,50547032	9,04E-05	42,82402026	7,003368672	0,003322302
9,33E-05	20,54079898	9,05E-05	43,17730682	7,161363223	0,003338101
9,22E-05	20,51662716	9,05E-05	42,93558866	7,053263576	0,003327291
9,05E-05	20,47718035	9,04E-05	42,54112048	6,876852046	0,00330965
8,90E-05	20,44402058	9,03E-05	42,20952281	6,728557059	0,00329482
8,90E-05	20,44443002	9,03E-05	42,21361728	6,730388159	0,003295004
8,92E-05	20,44937222	9,03E-05	42,26303924	6,752490333	0,003297214
9,08E-05	20,4850624	9,04E-05	42,61994108	6,912101688	0,003313175
9,03E-05	20,47368802	9,04E-05	42,5061972	6,861233877	0,003308088
8,91E-05	20,44568643	9,03E-05	42,22618131	6,736006963	0,003295565
9,05E-05	20,47652051	9,04E-05	42,53452216	6,873901186	0,003309355
8,83E-05	20,42926543	9,03E-05	42,06197134	6,662570033	0,003288222
9,09E-05	20,48734133	9,04E-05	42,64273034	6,922293356	0,003314194
9,15E-05	20,50059044	9,04E-05	42,77522141	6,981545162	0,003320119
9,16E-05	20,50275346	9,04E-05	42,79685163	6,991218491	0,003321087
9,07E-05	20,48164034	9,04E-05	42,58572044	6,896797754	0,003311645
8,95E-05	20,45453768	9,03E-05	42,31469388	6,775590988	0,003299524
9,17E-05	20,50332685	9,04E-05	42,80258548	6,993782747	0,003321343
9,00E-05	20,46697244	9,04E-05	42,4390414	6,831200893	0,003305085
9,05E-05	20,47655471	9,04E-05	42,53486412	6,874054113	0,00330937
8,86E-05	20,43545203	9,03E-05	42,12383736	6,690237361	0,003290988
8,90E-05	20,44503299	9,03E-05	42,21964695	6,733084712	0,003295273
9,12E-05	20,49229751	9,04E-05	42,69229214	6,944458064	0,003316411
9,15E-05	20,49970205	9,04E-05	42,76633758	6,977572193	0,003319722
8,98E-05	20,46264466	9,03E-05	42,39576362	6,811846481	0,003303149
8,95E-05	20,45413964	9,03E-05	42,31071345	6,773810886	0,003299346
9,07E-05	20,48195164	9,04E-05	42,58883344	6,898189926	0,003311784
9,10E-05	20,48848554	9,04E-05	42,65417242	6,927410409	0,003314706
8,87E-05	20,43617414	9,03E-05	42,13105841	6,693466713	0,003291311
9,16E-05	20,50249236	9,04E-05	42,79424061	6,990050809	0,00332097
9,09E-05	20,48742339	9,04E-05	42,64355092	6,922660328	0,003314231
9,05E-05	20,47686916	9,04E-05	42,53800862	6,875460377	0,003309511
9,00E-05	20,46588155	9,04E-05	42,42813252	6,826322291	0,003304597
8,87E-05	20,43779329	9,03E-05	42,14724993	6,700707779	0,003292036
8,93E-05	20,45016497	9,03E-05	42,27096672	6,756035611	0,003297568
8,93E-05	20,45004979	9,03E-05	42,26981489	6,755520498	0,003297517
8,95E-05	20,45513833	9,03E-05	42,32070037	6,778277173	0,003299792
9,10E-05	20,48961088	9,04E-05	42,66542581	6,932443077	0,003315209
9,13E-05	20,49569182	9,04E-05	42,72623523	6,959637875	0,003317929
9,19E-05	20,50967318	9,05E-05	42,86604879	7,022164404	0,003324181
8,96E-05	20,45780964	9,03E-05	42,34741348	6,790223638	0,003300987
8,87E-05	20,43731713	9,03E-05	42,14248833	6,698578327	0,003291823
9,03E-05	20,47409771	9,04E-05	42,51029417	6,8630661	0,003308271
9,08E-05	20,48453384	9,04E-05	42,61465542	6,909737868	0,003312939
9,12E-05	20,49261663	9,04E-05	42,69548333	6,945885209	0,003316553
8,94E-05	20,4529328	9,03E-05	42,29864499	6,768413706	0,003298806
8,88E-05	20,44010453	9,03E-05	42,17036231	6,71104395	0,003293069
9,10E-05	20,48841755	9,04E-05	42,65349252	6,927106349	0,003314675
9,06E-05	20,47904719	9,04E-05	42,5597889	6,885200817	0,003310485
8,93E-05	20,45026813	9,03E-05	42,27199831	6,756496951	0,003297614
9,14E-05	20,49658602	9,04E-05	42,73517726	6,963636877	0,003318328
8,99E-05	20,4651838	9,04E-05	42,42115499	6,823201844	0,003304285
8,99E-05	20,46335082	9,04E-05	42,40282526	6,815004541	0,003303465
9,06E-05	20,48013054	9,04E-05	42,57062244	6,890045722	0,003310969
9,00E-05	20,4655767	9,04E-05	42,42508401	6,824958958	0,003304461
8,94E-05	20,45188012	9,03E-05	42,28811825	6,763706007	0,003298335
9,16E-05	20,50131848	9,04E-05	42,78250182	6,984801061	0,003320445
9,00E-05	20,46658521	9,04E-05	42,43516916	6,829469174	0,003304912
9,01E-05	20,46961621	9,04E-05	42,46547911	6,843024193	0,003306267
8,96E-05	20,45627606	9,03E-05	42,33207765	6,783365248	0,003300301
9,10E-05	20,4883763	9,04E-05	42,65308002	6,926921873	0,003314657
9,11E-05	20,49150519	9,04E-05	42,6843689	6,940914687	0,003316056
9,09E-05	20,48696259	9,04E-05	42,63894295	6,920599584	0,003314025
8,86E-05	20,43586996	9,03E-05	42,12801666	6,692106401	0,003291175
9,01E-05	20,46809335	9,04E-05	42,45025051	6,836213756	0,003305586
9,00E-05	20,46645675	9,04E-05	42,43388448	6,828894648	0,003304854
8,90E-05	20,44473673	9,03E-05	42,21668432	6,731759782	0,003295141
9,06E-05	20,47877833	9,04E-05	42,55710034	6,883998457	0,003310365
9,04E-05	20,47539562	9,04E-05	42,52327318	6,86887049	0,003308852
9,08E-05	20,4832595	9,04E-05	42,60191205	6,90403886	0,003312369
9,18E-05	20,50744469	9,04E-05	42,8437639	7,012198298	0,003323185
8,95E-05	20,45513095	9,03E-05	42,32062649	6,778244136	0,003299789
8,91E-05	20,44663538	9,03E-05	42,23567083	6,740250806	0,00329599
9,01E-05	20,46868831	9,04E-05	42,45620018	6,838874529	0,003305852
8,96E-05	20,45834297	9,03E-05	42,35274678	6,792608763	0,003301226
9,07E-05	20,48096446	9,04E-05	42,57896165	6,89377513	0,003311342
9,14E-05	20,4966986	9,04E-05	42,73630308	6,964140356	0,003318379
9,17E-05	20,50454094	9,04E-05	42,81472645	6,999212354	0,003321886
8,94E-05	20,45399795	9,03E-05	42,30929656	6,773177235	0,003299282
9,15E-05	20,50052821	9,04E-05	42,77459917	6,981266887	0,003320091
9,25E-05	20,52247903	9,05E-05	42,99410736	7,079433937	0,003329908
9,04E-05	20,47508486	9,04E-05	42,52016568	6,867480772	0,003308713
8,91E-05	20,44594137	9,03E-05	42,22873071	6,73714709	0,003295679
8,88E-05	20,43998791	9,03E-05	42,1691961	6,710522405	0,003293017
9,03E-05	20,47338254	9,04E-05	42,50314247	6,85986776	0,003307952
9,10E-05	20,48774954	9,04E-05	42,64681243	6,92411892	0,003314377
8,94E-05	20,45383345	9,03E-05	42,30765152	6,772441551	0,003299209
9,04E-05	20,47550921	9,04E-05	42,52440914	6,869378507	0,003308903
9,20E-05	20,50997942	9,05E-05	42,86911124	7,02353397	0,003324318
8,88E-05	20,44045894	9,03E-05	42,17390646	6,712628944	0,003293228
9,01E-05	20,46903392	9,04E-05	42,45965623	6,840420125	0,003306007
9,10E-05	20,48948062	9,04E-05	42,66412321	6,931860538	0,003315151
8,91E-05	20,44722726	9,03E-05	42,24158965	6,742897783	0,003296255
8,98E-05	20,46196157	9,03E-05	42,38893271	6,808791603	0,003302844
8,97E-05	20,45946611	9,03E-05	42,36397815	6,797631586	0,003301728
9,06E-05	20,48041337	9,04E-05	42,57345069	6,891310553	0,003311096
9,05E-05	20,47766592	9,04E-05	42,54597621	6,879023591	0,003309867
9,20E-05	20,51149563	9,05E-05	42,88427332	7,030314661	0,003324996
9,01E-05	20,46944284	9,04E-05	42,46374548	6,842248891	0,00330619
8,97E-05	20,4589125	9,03E-05	42,35844207	6,795155774	0,00330148
8,98E-05	20,4615657	9,03E-05	42,38497406	6,807021243	0,003302667
9,22E-05	20,51620133	9,05E-05	42,9313303	7,051359182	0,003327101
9,25E-05	20,52132944	9,05E-05	42,98261144	7,074292803	0,003329394
9,01E-05	20,46962779	9,04E-05	42,46559493	6,84307599	0,003306272
9,01E-05	20,46877518	9,04E-05	42,45706882	6,839263	0,003305891
9,04E-05	20,47423396	9,04E-05	42,51165659	6,863675391	0,003308332
8,95E-05	20,45603427	9,03E-05	42,32965974	6,782283925	0,003300193
8,94E-05	20,4519507	9,03E-05	42,28882398	6,76402162	0,003298367
8,94E-05	20,45358914	9,03E-05	42,30520847	6,771348985	0,0032991
8,95E-05	20,45537031	9,03E-05	42,32302008	6,779314581	0,003299896
8,96E-05	20,45663789	9,03E-05	42,33569589	6,784983373	0,003300463
8,87E-05	20,43702665	9,03E-05	42,13958357	6,697279277	0,003291693
9,07E-05	20,48273056	9,04E-05	42,59662263	6,90167336	0,003312132
8,97E-05	20,4596963	9,03E-05	42,36628004	6,798661023	0,003301831
8,94E-05	20,45189019	9,03E-05	42,28821892	6,763751029	0,00329834
9,29E-05	20,53059761	9,05E-05	43,07529312	7,115741312	0,003333539
8,97E-05	20,46058821	9,03E-05	42,3751991	6,802649746	0,00330223
9,12E-05	20,49224715	9,04E-05	42,6917885	6,944232832	0,003316388
9,06E-05	20,48009979	9,04E-05	42,57031491	6,889908188	0,003310956
8,89E-05	20,44184085	9,03E-05	42,18772551	6,718809008	0,003293846
9,07E-05	20,48220926	9,04E-05	42,59140959	6,899342017	0,003311899
9,20E-05	20,51047639	9,05E-05	42,87408098	7,025756506	0,00332454
9,14E-05	20,49687859	9,04E-05	42,7381029	6,964945259	0,003318459
9,04E-05	20,47621909	9,04E-05	42,53150789	6,872553164	0,00330922
9,24E-05	20,51928927	9,05E-05	42,96220969	7,065168863	0,003328482
8,97E-05	20,46056126	9,03E-05	42,37492959	6,802529221	0,003302218
9,01E-05	20,4692223	9,04E-05	42,46154	6,841262572	0,003306091
9,20E-05	20,51153705	9,05E-05	42,88468757	7,030499919	0,003325015
9,19E-05	20,50962911	9,05E-05	42,86560813	7,021967333	0,003324161
8,96E-05	20,45776214	9,03E-05	42,34693838	6,79001117	0,003300966
8,95E-05	20,45450752	9,03E-05	42,31439222	6,775456082	0,00329951
9,15E-05	20,50005508	9,04E-05	42,76986782	6,979150964	0,00331988
8,99E-05	20,46371199	9,04E-05	42,4064369	6,816619714	0,003303627
9,00E-05	20,46719483	9,04E-05	42,44126535	6,832195471	0,003305184
9,04E-05	20,47604218	9,04E-05	42,52973888	6,871762037	0,003309141
8,94E-05	20,45254106	9,03E-05	42,29472763	6,76666181	0,003298631
8,94E-05	20,45242223	9,03E-05	42,2935393	6,766130375	0,003298578
9,15E-05	20,4994313	9,04E-05	42,76363006	6,976361354	0,003319601
8,92E-05	20,44904675	9,03E-05	42,2597845	6,751034771	0,003297068
8,99E-05	20,46413201	9,04E-05	42,41063711	6,818498105	0,003303815
9,07E-05	20,48217994	9,04E-05	42,5911164	6,899210898	0,003311886
9,01E-05	20,46930126	9,04E-05	42,46232963	6,841615707	0,003306126
8,99E-05	20,46476908	9,04E-05	42,41700786	6,821347194	0,003304099
9,11E-05	20,4914511	9,04E-05	42,68382806	6,940672815	0,003316032
8,81E-05	20,4239354	9,03E-05	42,00867105	6,638733421	0,003285838
8,93E-05	20,45055845	9,03E-05	42,27490149	6,757795294	0,003297744
9,05E-05	20,47655965	9,04E-05	42,53491352	6,874076207	0,003309372
9,11E-05	20,49109496	9,04E-05	42,68026659	6,939080076	0,003315873
8,94E-05	20,45320046	9,03E-05	42,30132167	6,769610758	0,003298926
9,13E-05	20,49430994	9,04E-05	42,7124164	6,953457909	0,003317311
8,97E-05	20,46056302	9,03E-05	42,37494727	6,802537126	0,003302218
9,12E-05	20,49341596	9,04E-05	42,70347663	6,949459921	0,003316911
8,84E-05	20,43092431	9,03E-05	42,07856015	6,669988777	0,003288964
8,96E-05	20,45729022	9,03E-05	42,34221921	6,787900692	0,003300755
9,16E-05	20,50209298	9,04E-05	42,79024685	6,988264742	0,003320791
9,10E-05	20,48760846	9,04E-05	42,64540164	6,923487996	0,003314314
8,74E-05	20,4090206	9,02E-05	41,85952301	6,57203239	0,003279168
8,93E-05	20,45001494	9,03E-05	42,26946646	6,755364672	0,003297501
8,88E-05	20,440118	9,03E-05	42,17049699	6,711104179	0,003293075
8,89E-05	20,44264737	9,03E-05	42,19579074	6,722415888	0,003294206
9,05E-05	20,47758368	9,04E-05	42,54515384	6,878655818	0,00330983
9,15E-05	20,49968857	9,04E-05	42,76620271	6,977511878	0,003319716
8,90E-05	20,44403605	9,03E-05	42,20967756	6,728626266	0,003294827
9,25E-05	20,52111593	9,05E-05	42,98047636	7,073337969	0,003329299
9,19E-05	20,50794375	9,04E-05	42,84875454	7,01443018	0,003323408
9,03E-05	20,4737463	9,04E-05	42,50678001	6,861494521	0,003308114
9,11E-05	20,49149397	9,04E-05	42,68425671	6,940864513	0,003316051
8,96E-05	20,4584272	9,03E-05	42,35358903	6,792985432	0,003301263
8,97E-05	20,4602273	9,03E-05	42,37159006	6,801035736	0,003302068
9,05E-05	20,4778277	9,04E-05	42,54759405	6,879747112	0,003309939
9,02E-05	20,47128582	9,04E-05	42,48217523	6,850490926	0,003307014
8,92E-05	20,44908576	9,03E-05	42,2601746	6,751209228	0,003297086
9,17E-05	20,50525343	9,04E-05	42,82185134	7,002398702	0,003322205
8,97E-05	20,46057942	9,03E-05	42,37511122	6,802610447	0,003302226
9,23E-05	20,51854036	9,05E-05	42,95472063	7,061819655	0,003328147
9,08E-05	20,48437276	9,04E-05	42,61304462	6,909017497	0,003312866
9,03E-05	20,47382074	9,04E-05	42,50752442	6,86182743	0,003308147
9,01E-05	20,46842656	9,04E-05	42,45358259	6,837703909	0,003305735
8,91E-05	20,44726621	9,03E-05	42,24197909	6,743071949	0,003296272
9,15E-05	20,50064522	9,04E-05	42,7757692	6,981790143	0,003320144
8,91E-05	20,44621708	9,03E-05	42,23148778	6,738380092	0,003295803
9,02E-05	20,47054764	9,04E-05	42,47479338	6,847189664	0,003306684
8,84E-05	20,42997697	9,03E-05	42,06908677	6,66575215	0,00328854
8,93E-05	20,45171523	9,03E-05	42,28646931	6,762968578	0,003298262
9,09E-05	20,48691745	9,04E-05	42,63849156	6,920397717	0,003314005
9,06E-05	20,47974815	9,04E-05	42,56679856	6,88833563	0,003310798
8,97E-05	20,46048202	9,03E-05	42,37413725	6,802174874	0,003302182
9,04E-05	20,47488751	9,04E-05	42,51819212	6,866598171	0,003308625
9,04E-05	20,4746626	9,04E-05	42,51594303	6,865592347	0,003308524
9,04E-05	20,47598494	9,04E-05	42,52916639	6,871506011	0,003309115
8,94E-05	20,45186768	9,03E-05	42,28799384	6,763650369	0,00329833
9,01E-05	20,46930396	9,04E-05	42,46235666	6,841627791	0,003306128
9,09E-05	20,48691429	9,04E-05	42,63845994	6,920383574	0,003314003
9,24E-05	20,51900962	9,05E-05	42,95941324	7,063918253	0,003328357
9,05E-05	20,47720552	9,04E-05	42,54137218	6,876964609	0,003309661
9,39E-05	20,55373617	9,06E-05	43,30667877	7,219220121	0,003343887
8,94E-05	20,45233829	9,03E-05	42,2926999	6,765754984	0,00329854
9,15E-05	20,50009631	9,04E-05	42,77028016	6,979335367	0,003319898
9,11E-05	20,49168541	9,04E-05	42,68617114	6,94172067	0,003316137
9,07E-05	20,48124416	9,04E-05	42,58175866	6,895025991	0,003311467
9,26E-05	20,52492703	9,05E-05	43,01858735	7,090381722	0,003331003
8,93E-05	20,45024394	9,03E-05	42,27175639	6,75638876	0,003297604
9,16E-05	20,50287084	9,04E-05	42,79802538	6,991743409	0,003321139
9,07E-05	20,48223491	9,04E-05	42,59166612	6,899456742	0,00331191
9,19E-05	20,50818108	9,05E-05	42,85112782	7,015491543	0,003323514
8,97E-05	20,45983296	9,03E-05	42,36764664	6,799272183	0,003301892
9,03E-05	20,47273943	9,04E-05	42,49671131	6,856991659	0,003307664
8,99E-05	20,46443731	9,04E-05	42,41369009	6,819863441	0,003303951
9,01E-05	20,46888504	9,04E-05	42,45816743	6,83975431	0,00330594
9,05E-05	20,47662297	9,04E-05	42,53554673	6,874359386	0,003309401
9,04E-05	20,47450113	9,04E-05	42,51432832	6,864870228	0,003308452
9,07E-05	20,48270842	9,04E-05	42,59640125	6,901574356	0,003312122
9,17E-05	20,50524526	9,04E-05	42,8217696	7,002362146	0,003322201
8,97E-05	20,45864969	9,03E-05	42,35581395	6,793980444	0,003301363
9,08E-05	20,48401257	9,04E-05	42,60944271	6,907406675	0,003312705
9,06E-05	20,47872592	9,04E-05	42,5565762	6,88376405	0,003310341
9,16E-05	20,50236687	9,04E-05	42,79298575	6,989489618	0,003320914
8,90E-05	20,44347729	9,03E-05	42,20408993	6,7261274	0,003294577
8,87E-05	20,43621353	9,03E-05	42,13145228	6,693642857	0,003291329
8,91E-05	20,4471212	9,03E-05	42,24052901	6,742423453	0,003296207
9,09E-05	20,48576972	9,04E-05	42,62701425	6,915264907	0,003313491
8,97E-05	20,4600117	9,03E-05	42,36943404	6,800071535	0,003301972
8,95E-05	20,45538263	9,03E-05	42,32314335	6,77936971	0,003299902
8,82E-05	20,42582253	9,03E-05	42,02754233	6,647172914	0,003286682
8,96E-05	20,45715284	9,03E-05	42,34084546	6,78728633	0,003300693
8,95E-05	20,45446493	9,03E-05	42,31396628	6,775265599	0,003299491
8,93E-05	20,45052864	9,03E-05	42,27460345	6,757662004	0,003297731
9,13E-05	20,49630846	9,04E-05	42,7324016	6,962395564	0,003318204
9,11E-05	20,49041783	9,04E-05	42,67349529	6,936051861	0,00331557
8,89E-05	20,4414558	9,03E-05	42,18387503	6,717087022	0,003293673
9,02E-05	20,47029694	9,04E-05	42,47228639	6,846068505	0,003306572
9,01E-05	20,46813179	9,04E-05	42,45063489	6,836385657	0,003305603
9,02E-05	20,4697501	9,04E-05	42,46681804	6,843622983	0,003306327
9,22E-05	20,51500294	9,05E-05	42,91934642	7,045999825	0,003326565
9,02E-05	20,4717294	9,04E-05	42,48661102	6,852474672	0,003307212
8,81E-05	20,42454867	9,03E-05	42,01480372	6,641476032	0,003286112
8,97E-05	20,45929423	9,03E-05	42,36225932	6,796862902	0,003301651
9,11E-05	20,49036498	9,04E-05	42,67296686	6,935815538	0,003315546
9,11E-05	20,49199316	9,04E-05	42,68924866	6,943096982	0,003316274
9,09E-05	20,48584801	9,04E-05	42,62779717	6,915615036	0,003313526
9,08E-05	20,48347905	9,04E-05	42,60410748	6,905020689	0,003312467
8,81E-05	20,42360696	9,03E-05	42,00538663	6,637264582	0,003285691
9,01E-05	20,46881572	9,04E-05	42,45747424	6,839444307	0,003305909
8,94E-05	20,45357833	9,03E-05	42,30510038	6,771300646	0,003299095
9,07E-05	20,48165726	9,04E-05	42,58588962	6,896873412	0,003311652
9,12E-05	20,49378722	9,04E-05	42,70718921	6,951120237	0,003317077
8,94E-05	20,45372506	9,03E-05	42,30656767	6,771956839	0,00329916
8,96E-05	20,4575704	9,03E-05	42,34502101	6,789153695	0,00330088
9,07E-05	20,48192581	9,04E-05	42,58857512	6,898074404	0,003311772
9,10E-05	20,48841412	9,04E-05	42,65345827	6,927091029	0,003314674
9,04E-05	20,47627755	9,04E-05	42,53209251	6,872814614	0,003309246
9,04E-05	20,47550731	9,04E-05	42,52439008	6,869369984	0,003308902
9,02E-05	20,47060774	9,04E-05	42,47539439	6,847458441	0,003306711
9,04E-05	20,47601556	9,04E-05	42,52947266	6,871642983	0,003309129
8,94E-05	20,45399377	9,03E-05	42,3092547	6,773158515	0,003299281
9,27E-05	20,52579997	9,05E-05	43,02731675	7,094285627	0,003331393
8,99E-05	20,46510468	9,04E-05	42,42036386	6,822848043	0,00330425
9,19E-05	20,50832757	9,05E-05	42,85259271	7,016146658	0,003323579
9,10E-05	20,48768046	9,04E-05	42,64612163	6,923809984	0,003314346
8,99E-05	20,4644981	9,04E-05	42,41429802	6,820135317	0,003303978
9,03E-05	20,47343153	9,04E-05	42,50363231	6,860086826	0,003307973
9,07E-05	20,48259812	9,04E-05	42,59529823	6,901081071	0,003312073
9,01E-05	20,46844665	9,04E-05	42,45378352	6,837793767	0,003305744
9,13E-05	20,49622042	9,04E-05	42,73152119	6,96200183	0,003318165
9,17E-05	20,50399309	9,04E-05	42,80924796	6,9967623	0,003321641
8,91E-05	20,44550003	9,03E-05	42,22431735	6,735173377	0,003295482
9,00E-05	20,46611052	9,04E-05	42,43042218	6,82734626	0,003304699
9,15E-05	20,49889417	9,04E-05	42,7582587	6,973959209	0,003319361
8,90E-05	20,44348888	9,03E-05	42,20420587	6,726179251	0,003294583
8,88E-05	20,43949446	9,03E-05	42,16426163	6,708315644	0,003292796
8,99E-05	20,46318886	9,03E-05	42,40120566	6,814280237	0,003303393
8,96E-05	20,45788514	9,03E-05	42,34816844	6,790561267	0,003301021
9,08E-05	20,48348204	9,04E-05	42,60413748	6,905034103	0,003312468
9,08E-05	20,48376334	9,04E-05	42,6069504	6,906292081	0,003312594
8,93E-05	20,44974951	9,03E-05	42,26681218	6,754177642	0,003297383
8,89E-05	20,4415203	9,03E-05	42,18452003	6,717375476	0,003293702
9,04E-05	20,47439251	9,04E-05	42,51324216	6,864384482	0,003308403
9,04E-05	20,47447108	9,04E-05	42,5140278	6,864735829	0,003308438
9,03E-05	20,47330111	9,04E-05	42,50232813	6,85950358	0,003307915
8,93E-05	20,45173589	9,03E-05	42,28667596	6,763060997	0,003298271
9,14E-05	20,49681933	9,04E-05	42,73751033	6,964680253	0,003318433
9,00E-05	20,46589638	9,04E-05	42,42828088	6,826388641	0,003304604
8,96E-05	20,45723898	9,03E-05	42,34170681	6,787671539	0,003300732
8,94E-05	20,45206819	9,03E-05	42,2899989	6,764547059	0,003298419
9,06E-05	20,48032185	9,04E-05	42,57253555	6,890901289	0,003311055
9,08E-05	20,48515117	9,04E-05	42,62082874	6,91249866	0,003313215
9,02E-05	20,46980972	9,04E-05	42,4674142	6,843889594	0,003306354
9,26E-05	20,52335174	9,05E-05	43,00283447	7,083336819	0,003330298
8,87E-05	20,43664426	9,03E-05	42,13575961	6,695569152	0,003291522
8,99E-05	20,46429804	9,04E-05	42,41229742	6,819240621	0,003303889
9,15E-05	20,49907233	9,04E-05	42,76004035	6,974755988	0,00331944
8,96E-05	20,45626391	9,03E-05	42,33195617	6,78331092	0,003300296
9,08E-05	20,48376081	9,04E-05	42,60692512	6,906280773	0,003312593
8,94E-05	20,45367364	9,03E-05	42,30605339	6,771726846	0,003299137
9,13E-05	20,4954013	9,04E-05	42,72333005	6,958338643	0,003317799
8,99E-05	20,46424312	9,04E-05	42,41174824	6,818995018	0,003303864
8,98E-05	20,46139447	9,03E-05	42,38326175	6,806255472	0,00330259
8,95E-05	20,45550775	9,03E-05	42,32439452	6,77992925	0,003299958
9,03E-05	20,47323577	9,04E-05	42,50167468	6,859211347	0,003307886
9,24E-05	20,51947277	9,05E-05	42,96404478	7,065989541	0,003328564
8,92E-05	20,44915564	9,03E-05	42,26087344	6,75152176	0,003297117
9,12E-05	20,49407869	9,04E-05	42,71010394	6,952423747	0,003317207
8,88E-05	20,43993267	9,03E-05	42,16864378	6,710275398	0,003292992
8,98E-05	20,46140997	9,03E-05	42,38341677	6,8063248	0,003302597
8,94E-05	20,45343299	9,03E-05	42,30364694	6,770650649	0,00329903
9,10E-05	20,48816902	9,04E-05	42,65100719	6,925994876	0,003314564
8,93E-05	20,4507007	9,03E-05	42,27632407	6,758431491	0,003297808
8,96E-05	20,45810121	9,03E-05	42,3503291	6,791527544	0,003301118
9,08E-05	20,48310991	9,04E-05	42,60041609	6,903369847	0,003312302
9,23E-05	20,51854511	9,05E-05	42,95476816	7,061840911	0,003328149
8,87E-05	20,43686702	9,03E-05	42,13798726	6,696565385	0,003291621
8,87E-05	20,43689716	9,03E-05	42,13828865	6,696700171	0,003291635
9,02E-05	20,47075042	9,04E-05	42,47682118	6,848096525	0,003306774
9,10E-05	20,48821902	9,04E-05	42,65150727	6,926218519	0,003314587
9,12E-05	20,49279984	9,04E-05	42,69731545	6,94670456	0,003316635
9,09E-05	20,48632058	9,04E-05	42,63252285	6,917728426	0,003313738
9,00E-05	20,46652755	9,04E-05	42,43459254	6,829211303	0,003304886
9,15E-05	20,49958618	9,04E-05	42,76517885	6,977053995	0,00331967
9,09E-05	20,48576265	9,04E-05	42,62694357	6,915233297	0,003313488
9,03E-05	20,4726612	9,04E-05	42,495929	6,856641798	0,003307629
9,03E-05	20,47287579	9,04E-05	42,49807491	6,85760148	0,003307725
9,06E-05	20,47939574	9,04E-05	42,56327442	6,886759586	0,003310641
9,08E-05	20,48474405	9,04E-05	42,61675751	6,91067795	0,003313033
9,19E-05	20,50862093	9,05E-05	42,85552637	7,017458632	0,003323711
8,98E-05	20,46185656	9,03E-05	42,38788258	6,808321973	0,003302797
9,00E-05	20,46607631	9,04E-05	42,43008016	6,827193305	0,003304684
9,00E-05	20,46728672	9,04E-05	42,44218418	6,832606388	0,003305225
8,96E-05	20,45838683	9,03E-05	42,35318538	6,792804912	0,003301245
8,97E-05	20,45908118	9,03E-05	42,36012885	6,795910126	0,003301556
9,00E-05	20,46601233	9,04E-05	42,42944036	6,826907176	0,003304655
9,20E-05	20,51017911	9,05E-05	42,8711081	7,024426994	0,003324407
9,20E-05	20,51079751	9,05E-05	42,8772921	7,027192563	0,003324684
8,94E-05	20,4522083	9,03E-05	42,29140002	6,765173658	0,003298482
9,05E-05	20,47725272	9,04E-05	42,54184423	6,877175716	0,003309682
8,79E-05	20,42000342	9,03E-05	41,96935123	6,621149061	0,00328408
9,18E-05	20,50687265	9,04E-05	42,83804354	7,009640072	0,003322929
9,04E-05	20,47416639	9,04E-05	42,51098089	6,863373211	0,003308302
8,99E-05	20,46494846	9,04E-05	42,41880163	6,822149391	0,00330418
9,10E-05	20,48787039	9,04E-05	42,64802094	6,924659384	0,003314431
9,01E-05	20,46802412	9,04E-05	42,44955823	6,835904161	0,003305555
9,24E-05	20,51975411	9,05E-05	42,96685818	7,06724773	0,00332869
8,94E-05	20,4533269	9,03E-05	42,30258604	6,7701762	0,003298982
8,96E-05	20,45689591	9,03E-05	42,33827615	6,786137302	0,003300578
9,16E-05	20,50186598	9,04E-05	42,78797679	6,987249543	0,00332069
9,04E-05	20,47455051	9,04E-05	42,51482212	6,865091062	0,003308474
9,19E-05	20,50904344	9,05E-05	42,8597514	7,019348123	0,0033239
9,03E-05	20,4721295	9,04E-05	42,49061198	6,854263956	0,003307391
9,08E-05	20,4852862	9,04E-05	42,62217902	6,913102527	0,003313275
8,99E-05	20,464492	9,04E-05	42,41423708	6,820108061	0,003303976
9,19E-05	20,50865288	9,05E-05	42,8558458	7,017601484	0,003323725
8,78E-05	20,41697523	9,02E-05	41,93906929	6,607606568	0,003282725
8,94E-05	20,4530323	9,03E-05	42,29964001	6,768858697	0,003298851
9,07E-05	20,481009	9,04E-05	42,57940699	6,89397429	0,003311362
9,12E-05	20,49208554	9,04E-05	42,69017246	6,943510116	0,003316316
9,01E-05	20,46935467	9,04E-05	42,46286372	6,841854556	0,00330615
9,09E-05	20,485459	9,04E-05	42,62390708	6,913875336	0,003313352
8,98E-05	20,46242093	9,03E-05	42,3935263	6,81084592	0,003303049
9,07E-05	20,4823169	9,04E-05	42,59248606	6,899823431	0,003311947
8,97E-05	20,46029072	9,03E-05	42,3722242	6,801319333	0,003302097
9,25E-05	20,52188469	9,05E-05	42,98816391	7,076775943	0,003329642
9,04E-05	20,47433041	9,04E-05	42,51262109	6,864106729	0,003308375
9,05E-05	20,47856949	9,04E-05	42,55501192	6,883064486	0,003310271
9,06E-05	20,47865282	9,04E-05	42,55584526	6,883437165	0,003310308
9,22E-05	20,5153281	9,05E-05	42,92259801	7,047453982	0,00332671
9,02E-05	20,47176442	9,04E-05	42,48696125	6,852631298	0,003307228
9,06E-05	20,48054591	9,04E-05	42,57477613	6,891903308	0,003311155
8,85E-05	20,43362088	9,03E-05	42,10552584	6,6820482	0,00329017
8,85E-05	20,43197524	9,03E-05	42,08906938	6,674688648	0,003289434
9,01E-05	20,46800724	9,04E-05	42,44938947	6,83582869	0,003305548
9,25E-05	20,52291248	9,05E-05	42,99844186	7,081372381	0,003330102
8,98E-05	20,46115224	9,03E-05	42,3808394	6,805172165	0,003302482
9,09E-05	20,48666279	9,04E-05	42,63594489	6,919258809	0,003313891
9,07E-05	20,48088328	9,04E-05	42,5781498	6,893412058	0,003311306
9,00E-05	20,46730995	9,04E-05	42,4424165	6,832710282	0,003305236
9,10E-05	20,48798325	9,04E-05	42,64914953	6,925164102	0,003314481
8,88E-05	20,43870053	9,03E-05	42,15632229	6,704765061	0,003292441
9,16E-05	20,50300451	9,04E-05	42,7993621	6,992341208	0,003321199
9,05E-05	20,47688526	9,04E-05	42,53816965	6,875532394	0,003309518
9,06E-05	20,48030274	9,04E-05	42,57234446	6,890815833	0,003311046
8,85E-05	20,43309264	9,03E-05	42,10024342	6,67968583	0,003289933
9,15E-05	20,50026365	9,04E-05	42,77195356	6,980083737	0,003319973
8,99E-05	20,46422604	9,04E-05	42,41157744	6,818918635	0,003303857
9,07E-05	20,4824747	9,04E-05	42,59406402	6,900529115	0,003312018
8,89E-05	20,44079771	9,03E-05	42,1772941	6,714143941	0,003293379
9,02E-05	20,47187957	9,04E-05	42,48811275	6,853146269	0,003307279
9,02E-05	20,4701666	9,04E-05	42,47098299	6,845485604	0,003306513
9,02E-05	20,47131761	9,04E-05	42,48249308	6,850633076	0,003307028
8,78E-05	20,41656078	9,02E-05	41,93492479	6,605753089	0,00328254
8,96E-05	20,45757662	9,03E-05	42,34508319	6,789181503	0,003300883
9,09E-05	20,48637332	9,04E-05	42,63305024	6,917964281	0,003313761
8,99E-05	20,46468044	9,04E-05	42,41612141	6,820950759	0,00330406
9,00E-05	20,46693178	9,04E-05	42,43863483	6,831019068	0,003305067
8,86E-05	20,43476885	9,03E-05	42,11700553	6,687182074	0,003290683
9,13E-05	20,49635236	9,04E-05	42,73284059	6,962591885	0,003318224
8,99E-05	20,46489189	9,04E-05	42,41823596	6,821896417	0,003304154
8,98E-05	20,46224084	9,03E-05	42,39172546	6,810040558	0,003302969
9,01E-05	20,46913555	9,04E-05	42,46067258	6,840874648	0,003306052
9,13E-05	20,49600937	9,04E-05	42,7294107	6,961057991	0,003318071
9,10E-05	20,48951048	9,04E-05	42,66442178	6,931994063	0,003315164
9,07E-05	20,48146458	9,04E-05	42,58396283	6,896011725	0,003311566
8,97E-05	20,45968653	9,03E-05	42,36618238	6,798617346	0,003301826
8,89E-05	20,44082392	9,03E-05	42,17755622	6,714261162	0,003293391
9,09E-05	20,4859363	9,04E-05	42,62868004	6,916009872	0,003313566
8,95E-05	20,45552095	9,03E-05	42,32452653	6,779988283	0,003299964
8,91E-05	20,44617361	9,03E-05	42,23105309	6,738185693	0,003295783
9,04E-05	20,4744446	9,04E-05	42,51376299	6,864617403	0,003308426
8,85E-05	20,43246887	9,03E-05	42,09400571	6,676896239	0,003289654
9,17E-05	20,50473473	9,04E-05	42,81666433	7,000078998	0,003321973
9,07E-05	20,4820257	9,04E-05	42,589574	6,898521117	0,003311817
9,03E-05	20,4723919	9,04E-05	42,49323604	6,855437473	0,003307508
9,05E-05	20,47691088	9,04E-05	42,53842586	6,875646971	0,003309529
9,16E-05	20,50219881	9,04E-05	42,79130515	6,988738032	0,003320839
9,12E-05	20,49317688	9,04E-05	42,70108585	6,948390734	0,003316804
9,06E-05	20,48049266	9,04E-05	42,57424368	6,891665189	0,003311131
9,01E-05	20,46911072	9,04E-05	42,46042424	6,840763587	0,003306041
9,04E-05	20,47477358	9,04E-05	42,51705282	6,866088661	0,003308574
9,06E-05	20,48066335	9,04E-05	42,57595052	6,892428514	0,003311208
9,01E-05	20,46855862	9,04E-05	42,45490318	6,838294496	0,003305794
9,18E-05	20,50709837	9,04E-05	42,84030074	7,010649526	0,00332303
9,04E-05	20,47448583	9,04E-05	42,51417538	6,864801828	0,003308445
8,97E-05	20,45915563	9,03E-05	42,36087338	6,79624309	0,003301589
9,21E-05	20,51324793	9,05E-05	42,90179629	7,038151169	0,00332578
9,06E-05	20,47998994	9,04E-05	42,56921642	6,889416928	0,003310906
9,00E-05	20,46691079	9,04E-05	42,43842491	6,830925188	0,003305057
8,97E-05	20,45915041	9,03E-05	42,36082116	6,796219737	0,003301587
9,01E-05	20,46750926	9,04E-05	42,44440964	6,833601642	0,003305325
8,91E-05	20,44556646	9,03E-05	42,2249816	6,735470438	0,003295512
8,99E-05	20,46470903	9,04E-05	42,41640735	6,821078639	0,003304073
8,90E-05	20,44489401	9,03E-05	42,21825715	6,732463173	0,003295211
9,02E-05	20,47079763	9,04E-05	42,47729336	6,84830769	0,003306796
9,16E-05	20,5017787	9,04E-05	42,78710405	6,986859243	0,003320651
8,95E-05	20,45414956	9,03E-05	42,31081267	6,773855258	0,00329935
8,92E-05	20,44786618	9,03E-05	42,24797881	6,745755105	0,00329654
9,07E-05	20,48249269	9,04E-05	42,5942439	6,900609558	0,003312026
9,27E-05	20,5262744	9,05E-05	43,03206103	7,096407331	0,003331605
8,86E-05	20,43598188	9,03E-05	42,12913587	6,692606926	0,003291225
9,03E-05	20,47196185	9,04E-05	42,48893552	6,853514221	0,003307316
8,99E-05	20,46317688	9,03E-05	42,40108583	6,814226646	0,003303387
9,12E-05	20,49402545	9,04E-05	42,70957154	6,952185649	0,003317183
9,05E-05	20,47688159	9,04E-05	42,53813289	6,875515953	0,003309516
8,83E-05	20,42781334	9,03E-05	42,04745044	6,65607609	0,003287572
9,16E-05	20,50098747	9,04E-05	42,77919172	6,983320739	0,003320297
9,09E-05	20,48703211	9,04E-05	42,63963813	6,920910478	0,003314056
9,16E-05	20,50141919	9,04E-05	42,78350892	6,985251451	0,00332049
9,17E-05	20,50417696	9,04E-05	42,81108664	6,997584583	0,003321723
8,89E-05	20,44143451	9,03E-05	42,18366217	6,716991827	0,003293664
9,04E-05	20,47429709	9,04E-05	42,51228795	6,863957745	0,003308361
8,98E-05	20,46145144	9,03E-05	42,38383144	6,806510249	0,003302616
9,04E-05	20,47429662	9,04E-05	42,51228326	6,863955647	0,00330836
9,00E-05	20,46606255	9,04E-05	42,42994258	6,827131774	0,003304678
9,06E-05	20,47951657	9,04E-05	42,56448278	6,887299982	0,003310695
9,21E-05	20,51375588	9,05E-05	42,90687588	7,04042283	0,003326007
9,07E-05	20,48207467	9,04E-05	42,5900637	6,898740116	0,003311839
9,14E-05	20,49780008	9,04E-05	42,74731785	6,969066311	0,003318871
9,00E-05	20,46713011	9,04E-05	42,44061815	6,831906037	0,003305155
9,07E-05	20,48291822	9,04E-05	42,59849924	6,902512608	0,003312216
9,10E-05	20,4882603	9,04E-05	42,65192002	6,926403106	0,003314605
9,25E-05	20,52117775	9,05E-05	42,98109458	7,073614442	0,003329326
9,13E-05	20,49448805	9,04E-05	42,71419748	6,954254432	0,00331739
9,15E-05	20,49958546	9,04E-05	42,76517166	6,977050779	0,00331967
8,88E-05	20,43924982	9,03E-05	42,16181523	6,707221581	0,003292687
9,21E-05	20,51289958	9,05E-05	42,89831287	7,036593335	0,003325624
9,00E-05	20,46556747	9,04E-05	42,42499174	6,824917694	0,003304457
8,93E-05	20,45162678	9,03E-05	42,28558487	6,762573045	0,003298222
9,22E-05	20,51540896	9,05E-05	42,92340663	7,04781561	0,003326746
9,02E-05	20,46998513	9,04E-05	42,46916838	6,844674086	0,003306432
9,02E-05	20,47009824	9,04E-05	42,47029943	6,845179906	0,003306483
8,93E-05	20,450786	9,03E-05	42,27717698	6,758812923	0,003297846
8,85E-05	20,43278872	9,03E-05	42,09720426	6,678326677	0,003289797
9,03E-05	20,47271492	9,04E-05	42,4964662	6,856882044	0,003307653
9,00E-05	20,46535693	9,04E-05	42,42288637	6,823976141	0,003304362
8,83E-05	20,4276184	9,03E-05	42,04550101	6,655204281	0,003287485
9,08E-05	20,48364753	9,04E-05	42,60579229	6,905774157	0,003312542
8,94E-05	20,4526218	9,03E-05	42,29553501	6,767022884	0,003298667
9,00E-05	20,46725055	9,04E-05	42,44182255	6,832444661	0,003305209
8,94E-05	20,45372739	9,03E-05	42,30659091	6,771967233	0,003299161
8,81E-05	20,42486164	9,03E-05	42,01793346	6,642875696	0,003286252
9,04E-05	20,47553553	9,04E-05	42,52467231	6,869496199	0,003308914
8,98E-05	20,46171907	9,03E-05	42,38650769	6,807707101	0,003302735
8,97E-05	20,46064973	9,03E-05	42,3758143	6,802924872	0,003302257
9,05E-05	20,4783196	9,04E-05	42,55251305	6,881946957	0,003310159
8,90E-05	20,44484435	9,03E-05	42,21776057	6,732241095	0,003295189
8,98E-05	20,46127193	9,03E-05	42,38203636	6,805707465	0,003302535
9,06E-05	20,48046193	9,04E-05	42,57393628	6,891527716	0,003311118
9,06E-05	20,48027956	9,04E-05	42,57211266	6,890712169	0,003311036
8,93E-05	20,45088264	9,03E-05	42,27814339	6,759245115	0,003297889
8,97E-05	20,45855732	9,03E-05	42,3548902	6,79356733	0,003301321
9,09E-05	20,48712492	9,04E-05	42,64056619	6,921325518	0,003314097
9,08E-05	20,48505522	9,04E-05	42,61986922	6,91206955	0,003313172
9,14E-05	20,49660629	9,04E-05	42,73537992	6,963727505	0,003318337
9,17E-05	20,50367765	9,04E-05	42,80609355	6,995351605	0,0033215
8,97E-05	20,45904407	9,03E-05	42,35975768	6,795744135	0,003301539
8,77E-05	20,41484153	9,02E-05	41,91773234	6,598064392	0,003281771
8,99E-05	20,46453772	9,04E-05	42,41469422	6,820312501	0,003303996
9,03E-05	20,47229139	9,04E-05	42,49223089	6,854987953	0,003307464
9,07E-05	20,48088418	9,04E-05	42,57815884	6,8934161	0,003311306
9,09E-05	20,48606585	9,04E-05	42,62997552	6,916589226	0,003313624
9,08E-05	20,48466714	9,04E-05	42,61598845	6,910334018	0,003312998
9,05E-05	20,47842417	9,04E-05	42,55355872	6,882414594	0,003310206
8,96E-05	20,45690716	9,03E-05	42,33838866	6,786187616	0,003300584
8,99E-05	20,46470386	9,04E-05	42,41635567	6,821055523	0,00330407
9,04E-05	20,47600144	9,04E-05	42,52933148	6,871579842	0,003309123
9,06E-05	20,47962583	9,04E-05	42,56557531	6,887788575	0,003310744
9,07E-05	20,48286322	9,04E-05	42,5979492	6,902266621	0,003312191
9,07E-05	20,4813882	9,04E-05	42,58319904	6,895670146	0,003311532
9,10E-05	20,48839606	9,04E-05	42,65327764	6,927010252	0,003314666
9,08E-05	20,48319137	9,04E-05	42,60123071	6,903734156	0,003312338
9,06E-05	20,47972125	9,04E-05	42,56652953	6,888215318	0,003310786
9,02E-05	20,47066186	9,04E-05	42,47593558	6,847700471	0,003306735
8,90E-05	20,44402442	9,03E-05	42,20956123	6,728574238	0,003294822
9,17E-05	20,50378972	9,04E-05	42,8072142	6,995852775	0,00332155
9,15E-05	20,49936215	9,04E-05	42,76293856	6,976052103	0,00331957
9,13E-05	20,49439406	9,04E-05	42,71325762	6,953834115	0,003317348
9,04E-05	20,47544629	9,04E-05	42,52377991	6,869097107	0,003308874
9,11E-05	20,49178569	9,04E-05	42,68717395	6,94216914	0,003316182
9,16E-05	20,50315587	9,04E-05	42,80087569	6,993018105	0,003321267
9,08E-05	20,48490019	9,04E-05	42,61831893	6,911376241	0,003313102
8,93E-05	20,45004158	9,03E-05	42,26973285	6,755483806	0,003297513
9,12E-05	20,49305237	9,04E-05	42,69984077	6,947833917	0,003316748
8,94E-05	20,45308654	9,03E-05	42,30018243	6,769101273	0,003298875
8,97E-05	20,45887501	9,03E-05	42,35806717	6,794988115	0,003301464
9,03E-05	20,47244857	9,04E-05	42,49380276	6,855690916	0,003307534
8,99E-05	20,46504809	9,04E-05	42,4197979	6,822594935	0,003304224
9,07E-05	20,48110433	9,04E-05	42,58036036	6,89440065	0,003311405
8,97E-05	20,45931579	9,03E-05	42,36247494	6,796959329	0,003301661
9,12E-05	20,4921141	9,04E-05	42,69045799	6,943637809	0,003316329
9,12E-05	20,49268933	9,04E-05	42,69621028	6,946210313	0,003316586
8,97E-05	20,45893543	9,03E-05	42,35867138	6,795258325	0,003301491
9,08E-05	20,48311472	9,04E-05	42,60046426	6,90339139	0,003312304
9,13E-05	20,49541008	9,04E-05	42,72341788	6,958377918	0,003317803
9,14E-05	20,49833193	9,04E-05	42,75263629	6,971444789	0,003319109
9,27E-05	20,52660492	9,05E-05	43,03536624	7,097885465	0,003331753
9,11E-05	20,49161134	9,04E-05	42,68543043	6,941389414	0,003316104
9,32E-05	20,53828471	9,05E-05	43,15216416	7,150119086	0,003336977
9,06E-05	20,47974437	9,04E-05	42,56676073	6,888318714	0,003310797
9,09E-05	20,48564228	9,04E-05	42,6257398	6,914694952	0,003313434
8,81E-05	20,42330758	9,03E-05	42,00239288	6,635925735	0,003285557
9,25E-05	20,52156343	9,05E-05	42,98495133	7,075339235	0,003329499
9,02E-05	20,47140128	9,04E-05	42,48332987	6,851007296	0,003307065
9,05E-05	20,47717165	9,04E-05	42,54103348	6,876813139	0,003309646
9,06E-05	20,47915993	9,04E-05	42,56091637	6,885705035	0,003310535
9,10E-05	20,48917506	9,04E-05	42,66106759	6,930494023	0,003315014
8,78E-05	20,41796655	9,02E-05	41,94898255	6,612039913	0,003283169
9,13E-05	20,49573393	9,04E-05	42,72665637	6,959826218	0,003317947
8,98E-05	20,46270308	9,03E-05	42,39634787	6,812107763	0,003303176
9,08E-05	20,48391364	9,04E-05	42,60845344	6,906964261	0,003312661
8,99E-05	20,46366939	9,04E-05	42,40601089	6,816429197	0,003303608
8,92E-05	20,44948172	9,03E-05	42,26413419	6,752980009	0,003297263
8,90E-05	20,44345973	9,03E-05	42,20391429	6,726048853	0,00329457
8,92E-05	20,44803098	9,03E-05	42,24962682	6,746492118	0,003296614
8,92E-05	20,44834424	9,03E-05	42,2527594	6,747893047	0,003296754
8,84E-05	20,43144309	9,03E-05	42,08374795	6,672308829	0,003289196
8,90E-05	20,44478184	9,03E-05	42,21713547	6,731961541	0,003295161
9,15E-05	20,49974907	9,04E-05	42,7668077	6,977782439	0,003319743
9,03E-05	20,47277086	9,04E-05	42,49702563	6,857132226	0,003307678
8,96E-05	20,45805818	9,03E-05	42,34989881	6,791335115	0,003301098
8,94E-05	20,45280573	9,03E-05	42,29737433	6,767845453	0,003298749
9,04E-05	20,4759829	9,04E-05	42,52914604	6,871496911	0,003309114
8,96E-05	20,45753581	9,03E-05	42,34467511	6,788999002	0,003300865
9,09E-05	20,48572799	9,04E-05	42,6265969	6,915078261	0,003313473
9,22E-05	20,51611766	9,05E-05	42,93049365	7,050985018	0,003327063
9,04E-05	20,47425739	9,04E-05	42,51189096	6,863780205	0,003308343
9,01E-05	20,46744668	9,04E-05	42,44378384	6,833321775	0,003305297
9,07E-05	20,48291638	9,04E-05	42,59848082	6,90250437	0,003312215
9,09E-05	20,48685651	9,04E-05	42,63788215	6,920125179	0,003313977
8,95E-05	20,45596686	9,03E-05	42,32898562	6,781982452	0,003300163
9,09E-05	20,48602497	9,04E-05	42,62956675	6,916406417	0,003313605
9,03E-05	20,47208954	9,04E-05	42,49021244	6,854085275	0,003307373
9,12E-05	20,4920745	9,04E-05	42,69006206	6,943460744	0,003316311
8,92E-05	20,44931596	9,03E-05	42,26247659	6,752238707	0,003297189
9,21E-05	20,51413259	9,05E-05	42,91064291	7,0421075	0,003326175
9,07E-05	20,48202218	9,04E-05	42,58953881	6,89850538	0,003311815
9,21E-05	20,51333495	9,05E-05	42,90266656	7,038540367	0,003325819
9,04E-05	20,47432072	9,04E-05	42,51252423	6,864063413	0,003308371
8,95E-05	20,45409531	9,03E-05	42,31027014	6,773612632	0,003299326
9,07E-05	20,48168266	9,04E-05	42,58614362	6,896987003	0,003311663
8,99E-05	20,46464566	9,04E-05	42,41577364	6,820795232	0,003304044
8,89E-05	20,44129913	9,03E-05	42,18230833	6,716386372	0,003293603
9,00E-05	20,46696225	9,04E-05	42,43893951	6,831155326	0,00330508
8,99E-05	20,46468517	9,04E-05	42,41616871	6,820971913	0,003304062
9,10E-05	20,48866206	9,04E-05	42,65593764	6,928199839	0,003314785
8,99E-05	20,46437149	9,04E-05	42,41303188	6,819569082	0,003303922
8,95E-05	20,45510312	9,03E-05	42,32034822	6,77811969	0,003299777
9,10E-05	20,48841576	9,04E-05	42,65347465	6,927098358	0,003314675
9,01E-05	20,46772679	9,04E-05	42,44658496	6,834574474	0,003305422
9,11E-05	20,4901274	9,04E-05	42,670591	6,934753021	0,00331544
9,09E-05	20,48572502	9,04E-05	42,62656726	6,915065006	0,003313471
9,04E-05	20,47545717	9,04E-05	42,52388872	6,869145769	0,003308879
8,99E-05	20,46488803	9,04E-05	42,41819738	6,821879162	0,003304153
9,14E-05	20,49678677	9,04E-05	42,73718472	6,964534638	0,003318418
8,98E-05	20,46172487	9,03E-05	42,38656572	6,807733055	0,003302738
9,07E-05	20,48200727	9,04E-05	42,58938974	6,898438714	0,003311809
9,01E-05	20,46846506	9,04E-05	42,4539676	6,83787609	0,003305752
9,12E-05	20,49398148	9,04E-05	42,70913179	6,951988986	0,003317164
9,03E-05	20,47389614	9,04E-05	42,50827844	6,862164637	0,003308181
8,91E-05	20,44535773	9,03E-05	42,22289432	6,734536978	0,003295418
9,08E-05	20,48444224	9,04E-05	42,61373946	6,90932824	0,003312898
9,13E-05	20,49465456	9,04E-05	42,71586263	6,954999109	0,003317465
8,78E-05	20,41685401	9,02E-05	41,93785713	6,607064471	0,003282671
9,07E-05	20,48111828	9,04E-05	42,58049988	6,894463046	0,003311411
9,17E-05	20,50498322	9,04E-05	42,81914928	7,001190303	0,003322084
9,03E-05	20,47225286	9,04E-05	42,49184564	6,854815664	0,003307446
9,08E-05	20,48497237	9,04E-05	42,61904074	6,911699044	0,003313135
8,96E-05	20,45747457	9,03E-05	42,34406273	6,788725137	0,003300837
9,05E-05	20,47770708	9,04E-05	42,54638782	6,87920767	0,003309886
9,09E-05	20,48603197	9,04E-05	42,62963669	6,916437695	0,003313609
9,06E-05	20,48026517	9,04E-05	42,57196868	6,890647779	0,00331103
9,00E-05	20,4665136	9,04E-05	42,43445305	6,829148921	0,00330488
9,11E-05	20,48990514	9,04E-05	42,66836844	6,933759064	0,003315341
9,16E-05	20,5030521	9,04E-05	42,79983806	6,992554064	0,00332122
9,06E-05	20,47999438	9,04E-05	42,56926079	6,889436773	0,003310908
9,04E-05	20,47505362	9,04E-05	42,51985327	6,867341057	0,003308699
8,97E-05	20,45851893	9,03E-05	42,35450633	6,793395658	0,003301304
9,11E-05	20,49168496	9,04E-05	42,68616661	6,941718644	0,003316137
8,96E-05	20,4570364	9,03E-05	42,33968107	6,786765603	0,003300641
9,11E-05	20,49154799	9,04E-05	42,68479692	6,941106103	0,003316075
9,27E-05	20,52570379	9,05E-05	43,02635497	7,093855504	0,00333135
8,93E-05	20,44973506	9,03E-05	42,26666761	6,754112991	0,003297376
8,87E-05	20,43827326	9,03E-05	42,15204967	6,702854287	0,00329225
8,92E-05	20,44931641	9,03E-05	42,26248114	6,752240741	0,003297189
8,93E-05	20,44989377	9,03E-05	42,26825473	6,75482277	0,003297447
9,17E-05	20,50336955	9,04E-05	42,80301249	6,993973713	0,003321362
9,08E-05	20,48487914	9,04E-05	42,61810842	6,911282099	0,003313093
9,13E-05	20,49523039	9,04E-05	42,72162088	6,957574277	0,003317722
9,06E-05	20,47955647	9,04E-05	42,56488169	6,887478382	0,003310713
9,01E-05	20,46835978	9,04E-05	42,45291483	6,837405279	0,003305705