u1	u2	u3	y1	y2
10,0056448	298,3413952	277,4852098	10,18744829	311,9661991
10,01016064	298,4945114	306,2382789	8,297804082	311,3885661
10,01377331	298,6170043	292,4554021	9,103729168	311,6475437
10,01666344	298,7149987	284,6595885	7,917212323	311,4673627
10,01897555	298,7933941	320,7297242	8,567795136	311,2917275
10,02082524	298,8561105	322,740418	9,266440191	311,9018134
10,02230499	298,9062836	310,0583148	7,835817502	312,6543374
10,02348879	298,9464221	307,5412501	8,560356321	313,0879807
10,02443583	298,9785329	322,5800445	8,239269209	313,3762949
10,02519346	299,0042215	317,2468771	8,235692938	314,203596
10,02579956	299,0247724	322,9663027	8,743736417	314,787945
10,02628445	299,0412132	322,6591309	8,734851667	315,4746206
10,02667236	299,0543657	315,512718	7,81102189	316,2404548
10,02698268	299,0648878	313,4905285	7,629464885	316,8647854
10,02723094	299,0733055	322,3709414	8,356148167	317,3420569
10,02742955	299,0800396	318,1421764	8,606462409	318,0247766
10,02758844	299,0854269	322,8105053	8,308133999	318,5913957
10,02771555	299,0897367	322,3164003	7,666898117	319,441534
10,02781724	299,0931846	316,5053249	8,327449101	320,0336893
10,02789859	299,0959429	314,0410946	9,850495757	320,597966
10,02796367	299,0981495	320,8882248	8,010157869	321,1151145
10,02801573	299,0999148	307,3634914	9,081273032	321,8694447
10,02805738	299,1013271	318,0749235	8,967445712	322,0461958
10,0280907	299,1024569	322,9714771	6,631233616	322,7435166
10,02811736	299,1033607	307,3381631	7,57675648	323,4764855
10,02813868	299,1040838	301,0093338	9,011539914	323,7700776
10,02815575	299,1046622	321,2137914	7,288249036	323,969419
10,02816939	299,105125	279,7131148	8,410160392	324,6332602
10,02818031	299,1054952	274,2144725	7,168538394	324,0496494
10,02818905	299,1057914	278,703929	8,374444863	323,3573859
10,02782355	299,1060283	317,8929157	7,423435259	322,7030334
10,02753116	299,1062179	294,2359042	7,596310836	323,1805581
10,02729724	299,1063695	273,1907455	10,37215463	322,8573476
10,02711011	299,1064908	276,3982354	6,578284582	322,010643
10,0269604	299,1065879	280,4624492	8,414050752	321,2563818
10,02684064	299,1066655	273,5202504	8,58735691	320,5671987
10,02674482	299,1067276	280,8537746	7,176088592	319,6226277
10,02666817	299,1067773	277,2987621	5,752513301	319,000667
10,02660685	299,1068171	273,7238402	8,825456077	318,0180498
10,0265578	299,1068489	273,2284012	7,82702724	317,2829108
10,02651855	299,1068743	278,0073153	6,908521457	316,3253543
10,02648716	298,7906599	276,0276483	7,921331386	315,5966635
10,02646204	298,5376884	275,1435948	6,551291006	314,7221384
10,02644195	298,3353112	282,7406867	8,579735513	313,8237558
10,02642587	298,1734094	278,4774628	8,234124468	313,2468725
10,02641301	298,043888	273,4436792	8,427425197	312,4984937
10,02640273	297,9402708	284,1899649	9,050901234	311,74682
10,0263945	297,8573771	280,7635723	6,344910702	311,1181966
10,02638791	297,7910622	273,200084	7,256039416	310,5354558
10,02638264	297,7380102	280,752546	8,991100358	309,6993966
10,02637843	297,6955686	284,5532057	9,157207321	309,1960332
10,02637506	297,6616153	275,3789435	8,254836937	308,7105671
10,02637236	297,6344527	297,0258768	8,69647908	308,0171167
10,0263702	297,6127226	315,5077816	8,834820859	308,0220795
10,02636848	297,5953386	319,6319402	9,186854255	308,499577
10,0263671	297,5814313	314,6277572	9,009473215	309,2629678
10,02636599	297,5703055	305,8577809	8,471607169	309,7502334
10,02636511	297,5614049	314,4596745	8,286562395	309,8511797
10,0263644	297,5542844	322,8619948	8,309128062	310,4902171
10,02636384	297,5485879	320,2037751	7,501559166	311,1353906
10,02636338	297,5440308	321,2713728	7,18823434	311,7583281
10,02636302	297,5403851	322,9192339	9,087953302	312,317984
10,02636273	297,5374685	322,8292995	9,740771453	313,0037224
10,0263625	297,5351353	322,5588724	7,894336457	313,5210448
10,02636232	297,5332687	322,7065537	7,161386277	314,2235259
10,02636217	297,5317754	322,8286606	8,076763938	314,7986655
10,02636205	297,5305808	322,9643203	8,481802285	315,3995769
10,02636195	297,5296251	322,8350201	7,636300054	315,965984
10,02636188	297,5288605	323,0441174	8,532051892	316,5882551
10,02636182	297,5282489	322,6827317	8,719245041	317,1701571
10,02636177	297,5277596	323,0363892	8,33015156	317,7042835
10,02636173	297,5273681	322,3717438	9,046336522	318,4263154
10,0263617	297,527055	323,0628501	8,512461137	318,9618793
10,02636167	297,5268044	322,5723973	9,590831981	319,5261554
10,02636165	297,526604	322,9984292	7,912121536	320,2096773
10,02636164	297,5264437	322,2458802	6,398394449	320,8371312
10,02636163	297,5263154	322,8057446	7,150396594	321,2253287
10,02636162	297,5262128	322,1225552	8,443248901	321,9805568
10,02636161	297,5261307	320,6893379	8,180363727	322,472482
10,0263616	297,526065	309,6592379	8,208195437	323,0541438
10,0263616	297,5260125	315,8132381	7,71462091	323,2704375
10,02636159	297,5259704	317,5829675	9,490396582	323,6044395
10,02636159	297,5259368	321,3374105	8,573691931	324,0967051
10,02636159	297,6942508	317,3886854	7,663495792	324,7141389
10,02636158	297,8289021	322,8644036	8,495884443	325,1246168
10,02636158	297,9366231	317,8602522	6,937998336	325,786337
10,02636158	298,0227999	322,2710408	7,262755904	326,2797785
10,02636158	298,0917413	319,3201355	6,877377311	326,9774381
10,02636158	298,1468944	319,2543377	7,792287831	327,7553651
10,02918877	298,191017	304,0450635	9,029544375	328,2875631
10,03145052	298,226315	318,1495887	7,56844661	328,5103745
10,03325992	298,2545534	309,5268598	6,860459486	329,12669
10,03470744	298,2771441	300,2174836	7,430594926	329,6143103
10,03586546	298,2952167	323,0955321	6,932990459	329,6178967
10,03679187	298,3096748	311,0986298	5,467784326	330,5169593
10,037533	298,3212412	321,3212645	6,229991981	331,0114128
10,03812591	298,3304944	322,4460455	6,954052386	331,7514321
10,03860023	298,3378969	322,5420693	8,619681591	332,7624679
10,03897969	298,3438189	318,5697703	6,139825775	333,7293068
10,03928326	298,3485565	321,2016498	6,525793577	334,6247737
10,03952611	298,3523466	317,2910385	5,913791079	335,8497693
10,03972039	298,3553787	321,5590564	5,984992452	336,7679876
10,03987582	298,3578044	322,7637835	5,448688145	338,0432039
10,04000016	298,3597449	322,8957722	7,337625242	339,4367501
10,04009963	298,3612973	322,8846979	6,282087144	341,0078035
10,04017921	298,3625393	322,9903814	4,812024263	342,805199
10,04024287	298,3635328	322,9595779	6,278602381	344,8560597
10,0402938	298,3643277	323,0391837	5,86063353	347,0706486
10,04033455	298,3649635	321,0168336	4,949895471	349,5821162
10,04036714	298,3654722	320,5751141	4,486513103	352,4836772
10,04039322	298,3658792	322,3956199	3,841618351	355,8647082
10,04041408	298,3662048	315,8117496	5,070719237	359,7649343
10,04043077	298,3664652	321,7019388	4,163539096	364,0555857
10,04044412	298,3666736	322,8045772	3,287934279	369,1306257
10,0404548	298,3668403	320,5717033	3,828918364	374,7679147
10,04046335	298,3669736	311,4165585	0,42058794	380,4577868
10,04047018	298,3670803	318,6625092	2,475639379	385,0715588
10,04047565	298,3671656	283,4711328	1,136352463	388,5787519
10,04048002	298,3672339	314,6872235	1,318499683	389,2488776
10,04048352	298,3672885	294,8288297	1,29267807	389,5050936
10,04048632	298,3673322	289,0453251	1,264106921	388,5906593
10,04048856	298,3673672	317,4806676	1,080331146	387,0723759
10,04049036	298,5229876	280,8978503	0,574145953	386,2536734
10,04049179	298,647484	322,9226121	2,114595472	384,2788615
10,04049294	298,747081	287,0438217	0,779536541	383,6298997
10,04049385	298,8267587	274,9657918	2,250219004	382,1808275
10,04049459	298,4981117	275,1348137	1,505945321	380,1775408
10,04049518	298,2351941	294,8655795	2,839337174	378,2854098
10,04049565	298,02486	276,3340725	1,0062761	376,8944684
10,04049602	297,8565927	278,5305965	-0,075389749	375,0171035
10,04049632	297,7219789	274,5952818	0,647982386	373,2480193
10,04049656	297,6142879	274,4690294	1,263344631	371,5068476
10,04049675	297,528135	274,0695875	2,464058542	369,530355
10,04049691	297,4592127	286,4913751	1,692630594	367,6939482
10,04049703	297,5732215	274,8315666	0,759329797	366,3468739
10,04049713	297,6644284	278,0320593	2,089740955	364,7004503
10,04049721	297,737394	274,1920183	1,046420337	363,146373
10,04049727	297,7957665	274,9573699	2,220398715	361,7055788
10,04049732	297,8424644	273,6329838	1,388778346	360,1181724
10,04049736	297,8798228	285,7700793	2,846005547	358,5386021
10,0404974	297,9097095	274,2350651	2,334755142	357,378465
10,04049742	297,9336189	284,6094125	2,785894532	355,9580111
10,04049744	297,9527464	283,9692341	2,598551971	354,8482983
10,04049746	297,9680484	275,2830895	4,288782046	353,6992357
10,04049747	297,98029	276,0738484	3,730016421	352,4363968
10,02446041	297,9900832	300,8452123	4,845546208	351,0906418
10,01163077	297,9979178	277,9912414	2,215538061	350,7116511
10,00136705	298,0041855	294,706236	3,570826786	349,4042755
9,99315608	298,0091997	323,0938676	3,985694989	348,8548513
9,986587301	298,013211	323,0491169	4,968297263	349,2435407
9,981332278	298,0164201	297,4209145	4,636228031	349,615937
9,97712826	298,0189873	281,1282457	2,891843557	349,5941753
9,973765045	298,0210411	319,1564368	4,999722582	348,9217642
9,971074474	298,0226842	321,1786503	4,512168356	349,5365925
9,968922016	298,0239986	317,5681506	4,371097262	350,2977927
9,967200051	298,0250501	318,4662511	3,169760036	351,0457995
9,965822478	298,0258914	321,1564029	3,320895175	352,1806563
9,96472042	298,0265644	314,0357384	4,026860355	353,3985928
9,963838773	298,0271028	322,849941	4,275241605	354,843621
9,963133456	298,0275335	321,9255355	4,983733035	356,5765767
9,962569202	298,027878	321,9478917	4,270078793	358,441207
9,962117799	298,0281537	316,9033816	3,509040468	360,6966856
9,961756677	298,0283742	323,0432616	3,578709484	362,9146981
9,961467779	298,0285506	316,3569692	2,903559022	365,5173166
9,961236661	298,0286918	314,1716089	2,401620188	368,2133842
9,961051766	298,0288047	321,8962563	2,476233567	370,9269404
9,96090385	298,028895	318,1959194	1,93558813	373,6075488
9,960785517	298,0289673	310,7155375	2,98821121	376,1672424
9,960690851	298,0290251	321,1172825	2,026357844	378,0243184
9,960615119	298,0290713	320,5234775	2,745553117	379,7890913
9,960554532	298,0291083	311,0861803	-0,152169445	381,1826057
9,960506063	298,0291379	317,3868783	1,944899818	381,9366767
9,960467288	298,0291616	314,0396724	1,034671147	382,355833
9,960436268	298,0291805	286,3151396	1,693140494	382,4051919
9,960411452	298,0291957	278,6739175	0,83405147	381,2287252
9,960391599	298,0292078	276,7120248	0,979229614	379,6516406
9,960375716	298,0292175	287,9321723	1,750351871	377,9647383
9,960363011	298,0292253	287,4490103	3,436991952	376,319313
9,960352846	298,0292315	276,287782	1,324932861	374,8973181
9,960344714	298,0292365	273,8523199	2,25278917	373,1055668
9,960338209	298,0292404	276,6054857	1,63082786	371,3401608
9,960333004	298,0292436	273,3325974	1,933401617	369,4633167
9,960328841	298,0292462	273,6649401	0,477897164	367,6803889
9,96032551	298,0292482	273,1815136	0,899062641	365,9090256
9,960322846	298,0292498	273,9305249	3,004349618	364,1668221
9,960320714	298,0292511	273,1647954	1,584915866	362,3993377
9,960319009	298,0292522	273,5063026	3,452953576	360,5743895
9,960317644	298,029253	273,1613717	3,266520438	358,9454797
9,960316553	298,0292537	273,3596788	3,676371287	357,2942328
9,96031568	298,0292542	273,2946771	3,02554191	355,7464664
9,960314981	297,9127614	273,3549849	4,640716945	353,9849983
9,960314422	297,8195672	273,5204474	3,515070201	352,3675219
9,960313975	297,7450118	273,5013093	4,805549833	350,6263745
9,960313618	297,6853676	273,4178197	3,357046109	349,0476475
9,960313332	297,6376521	273,2818694	3,020223457	347,3734364
9,960313103	297,5994798	273,8218917	3,661919154	345,6007482
9,96031292	297,5689419	273,327428	4,623994896	343,9252762
9,960312773	297,5445116	274,3234636	3,801254701	342,2149718
9,960312656	297,5249673	273,15	4,37726889	340,4257409
9,960312562	297,6985523	281,9393324	4,072093201	338,6826298
9,960312487	297,8374202	284,8312043	5,082024408	337,2261704
9,960312427	297,9485145	278,6973053	4,816301354	335,8136385
9,975271714	298,03739	276,6901675	4,465855603	334,3219333
9,987239144	298,1084904	276,5996034	5,326652793	332,9238355
9,996813087	298,1653707	276,7591288	5,819199985	331,3783443
10,00447224	298,2108749	274,5964817	5,33290226	329,8887033
10,01059957	298,2472783	277,7729042	5,949195567	328,3100943
10,01550143	298,276401	273,7423698	5,834732795	327,0491434
10,01942291	298,2996992	277,3471383	6,853927404	325,4087774
10,0225601	298,3183377	283,1791568	6,554087528	324,1544859
10,02506985	298,3332486	290,4051778	6,844067443	322,9643023
10,02707766	298,3451772	273,6918937	7,316120199	322,1635264
10,0286839	298,3547201	300,4261785	6,596160341	320,7367672
10,02996889	298,3623545	279,9887694	5,460676214	320,1747236
10,03099688	298,368462	279,5796291	5,936805287	319,2188765
10,03181928	298,3733479	281,2638854	6,346164745	318,2306424
10,02355684	298,3772567	273,1514265	7,450585206	317,2896304
10,02355684	298,3772567	273,28079	7,920205578	316,0592484
10,02355684	298,3772567	276,2388793	7,555484933	315,0141911
10,02355684	298,3772567	276,0775264	7,316756645	314,1429573
10,02355684	298,3772567	276,9337727	7,172267261	313,2056577
10,02355684	298,3772567	277,6570087	9,145555737	312,2100792
10,02355684	298,3772567	273,171921	7,097162758	311,5404045
10,02355684	298,3772567	273,6589402	7,900638434	310,7118828
10,02355684	298,3772567	273,1560667	7,865696989	309,8080642
10,02355684	298,3772567	273,3632023	8,744597184	309,2047622
10,02355684	298,3772567	273,1740592	7,953278375	308,4028231
10,02355684	298,3772567	273,2286143	8,566325223	307,6572151
10,02355684	298,3772567	273,6968212	7,404282235	307,036117
10,02355684	298,3772567	276,4629862	6,968257348	306,4600869
10,02355684	298,3772567	273,518585	8,904651581	305,997344
10,02355684	298,3772567	277,5965375	8,18633145	305,5761214
10,02355684	298,3772567	278,417543	8,712728773	305,0956091
10,02355684	298,3772567	273,1555677	8,317245207	304,8248379
10,02355684	298,3772567	273,1764433	8,135769001	304,399009
10,02355684	298,3772567	282,1574742	9,56302096	303,9136766
10,02355684	298,3772567	278,9414215	9,557923567	303,8589341
10,02355684	298,3772567	293,7276699	10,07550597	303,6226767
10,02355684	298,3772567	306,9183713	9,378010922	303,9084809
10,02355684	298,3772567	275,0672677	8,70386848	304,5320771